Time	FlowIn	Tout	Hout	Tamb	Hamb	Hin	CryoL	Ta	Tb	Tc	Td	I1	I3
1685974023.9049826	-1.170	24.000	35.000	23.700	38.100	35.633	0.000	21.659	21.815	22.058	22.424	0.780	0.000
1685974024.904963	-1.720	24.000	35.000	23.700	38.100	36.393	0.000	21.658	21.815	22.059	22.423	0.780	0.010
1685974025.894919	-1.540	24.000	35.000	23.700	38.100	35.823	0.000	21.658	21.815	22.059	22.423	0.780	0.000
1685974026.9048934	-1.350	24.000	35.000	23.700	38.100	36.013	0.000	21.658	21.814	22.058	22.424	0.780	0.000
1685974027.90487	-1.170	24.000	35.000	23.700	38.000	35.062	0.000	21.659	21.815	22.059	22.424	0.780	0.000
1685974028.894862	-1.540	24.000	35.000	23.700	38.000	35.823	0.000	21.659	21.815	22.059	22.424	0.770	0.000
1685974029.9048283	0.660	24.000	35.000	23.700	38.000	35.823	0.000	21.659	21.815	22.058	22.424	0.780	0.000
1685974030.8947968	0.290	24.000	35.000	23.700	38.000	35.633	0.000	21.658	21.815	22.059	22.423	0.770	0.010
1685974031.9047658	-0.810	24.100	35.000	23.700	38.100	36.013	0.000	21.658	21.815	22.059	22.424	0.780	0.010
1685974032.8947356	-0.620	24.100	35.000	23.700	38.100	35.633	0.000	21.658	21.814	22.058	22.423	0.780	0.000
1685974033.904704	-1.170	24.000	35.000	23.700	38.100	35.443	0.000	21.659	21.815	22.058	22.423	0.770	0.000
1685974034.894674	-1.170	24.000	35.000	23.700	38.100	35.443	0.000	21.659	21.815	22.058	22.424	0.780	0.010
1685974035.9046416	0.660	24.000	35.000	23.700	38.100	35.443	0.000	21.659	21.815	22.059	22.423	0.770	0.000
1685974036.8946128	-1.170	24.000	35.000	23.700	38.100	36.203	0.000	21.659	21.814	22.058	22.424	0.780	0.000
1685974037.9045796	-0.990	24.100	35.000	23.700	38.100	36.203	0.000	21.659	21.814	22.059	22.424	0.780	0.010
1685974038.9045482	-0.810	24.100	35.000	23.700	38.100	36.203	0.000	21.660	21.815	22.059	22.423	0.780	0.000
1685974039.8945198	-0.990	24.000	35.000	23.700	38.100	35.633	0.000	21.659	21.815	22.059	22.424	0.780	0.000
1685974040.8944862	0.290	24.000	35.000	23.700	38.100	36.203	0.000	21.659	21.815	22.059	22.424	0.780	0.000
1685974041.8944569	-1.350	24.000	35.100	23.700	38.100	35.443	0.000	21.659	21.815	22.059	22.425	0.780	0.000
1685974042.8944237	-0.990	24.000	35.100	23.700	38.100	35.633	0.000	21.658	21.816	22.059	22.424	0.780	0.010
1685974043.9043922	0.660	24.000	35.000	23.700	38.200	36.013	0.000	21.659	21.815	22.059	22.425	0.780	0.000
1685974044.894362	-1.350	24.000	35.000	23.700	38.200	35.633	0.000	21.660	21.815	22.059	22.424	0.780	0.000
1685974045.9043295	-1.350	24.000	35.100	23.700	38.200	36.393	0.000	21.659	21.814	22.059	22.424	0.780	0.000
1685974046.8942993	0.660	24.000	35.100	23.700	38.200	35.253	0.000	21.658	21.814	22.059	22.424	0.780	0.010
1685974047.9042678	-1.720	24.000	35.000	23.700	38.200	36.203	0.000	21.659	21.815	22.059	22.424	0.780	0.000
1685974048.9042368	-1.170	24.000	35.000	23.700	38.200	35.823	0.000	21.659	21.815	22.059	22.425	0.780	0.000
1685974049.9042053	-1.900	24.000	35.100	23.700	38.100	35.633	0.000	21.659	21.815	22.059	22.424	0.780	0.000
1685974050.8941755	-1.540	24.000	35.100	23.700	38.100	36.013	0.000	21.659	21.814	22.060	22.424	0.780	0.000
1685974051.8941433	-1.540	24.000	35.100	23.800	38.200	35.633	0.000	21.659	21.815	22.060	22.424	0.780	0.010
1685974052.894112	-0.070	24.000	35.100	23.800	38.200	35.633	0.000	21.658	21.816	22.060	22.424	0.770	0.000
1685974053.8940516	-1.720	24.000	35.100	23.700	38.100	35.443	0.000	21.659	21.816	22.060	22.425	0.780	0.000
1685974054.8940504	-1.350	24.000	35.100	23.700	38.100	36.013	0.000	21.659	21.815	22.059	22.425	0.770	0.000
1685974055.9040184	-1.540	24.100	35.100	23.700	38.100	36.203	0.000	21.659	21.815	22.060	22.426	0.780	0.010
1685974056.8939888	1.210	24.100	35.100	23.700	38.100	36.013	0.000	21.659	21.815	22.060	22.425	0.780	0.010
1685974057.893957	-0.070	24.100	35.100	23.700	38.100	35.443	0.000	21.659	21.816	22.060	22.424	0.780	0.000
1685974058.903926	-0.620	24.100	35.100	23.700	38.100	36.013	0.000	21.659	21.815	22.060	22.425	0.780	0.000
1685974059.8938954	0.290	24.000	35.100	23.700	38.100	35.823	0.000	21.659	21.815	22.059	22.425	0.780	0.000
1685974060.893864	-1.350	24.000	35.100	23.700	38.100	36.203	0.000	21.659	21.815	22.059	22.425	0.780	0.000
1685974061.8938322	-0.990	24.000	35.100	23.800	38.200	36.203	0.000	21.660	21.817	22.059	22.426	0.780	0.000
1685974062.9038024	0.290	24.000	35.100	23.800	38.200	34.872	0.000	21.660	21.816	22.059	22.426	0.780	0.000
1685974063.9037697	-1.170	24.000	35.100	23.800	38.100	35.443	0.000	21.659	21.815	22.060	22.425	0.780	0.010
1685974064.9037392	1.760	24.000	35.100	23.800	38.100	35.443	0.000	21.660	21.816	22.060	22.425	0.780	0.000
1685974065.893708	1.940	24.000	35.100	23.800	38.100	36.013	0.000	21.660	21.816	22.060	22.425	0.780	0.000
1685974066.893676	-0.440	24.000	35.100	23.800	38.100	36.013	0.000	21.659	21.816	22.061	22.426	0.770	0.000
1685974067.8936455	-0.620	24.000	35.100	23.700	38.100	35.823	0.000	21.659	21.816	22.060	22.425	0.780	0.010
1685974068.9036133	1.030	24.000	35.100	23.700	38.100	36.013	0.000	21.660	21.816	22.060	22.425	0.770	0.010
1685974069.9035826	-1.170	24.000	35.100	23.700	38.000	36.393	0.000	21.659	21.816	22.060	22.425	0.780	0.000
1685974070.8935525	0.480	24.000	35.100	23.700	38.000	35.633	0.000	21.659	21.815	22.060	22.425	0.780	0.000
1685974071.9035206	-1.720	24.100	35.100	23.700	38.000	36.393	0.000	21.659	21.816	22.060	22.426	0.780	0.000
1685974072.9034894	-1.350	24.100	35.100	23.700	38.000	35.633	0.000	21.659	21.816	22.060	22.426	0.780	0.000
1685974073.8934596	-1.720	24.000	35.100	23.800	38.000	35.823	0.000	21.660	21.816	22.060	22.425	0.770	0.010
1685974074.8934274	-1.900	24.000	35.100	23.800	38.000	36.013	0.000	21.660	21.816	22.061	22.426	0.780	0.010
1685974075.8933966	-1.350	24.000	35.200	23.700	38.000	36.013	0.000	21.660	21.817	22.061	22.426	0.780	0.000
1685974076.9033656	-1.540	24.000	35.200	23.700	38.000	35.823	0.000	21.660	21.816	22.060	22.426	0.780	0.000
1685974077.903335	-1.350	24.000	35.200	23.700	38.100	35.633	0.000	21.660	21.817	22.061	22.426	0.780	0.000
1685974078.9033022	-1.350	24.000	35.200	23.700	38.100	35.823	0.000	21.660	21.817	22.060	22.426	0.780	0.000
1685974079.9032717	-1.350	24.100	35.200	23.700	38.100	35.443	0.000	21.660	21.817	22.060	22.425	0.780	0.000
1685974080.9032412	-1.350	24.100	35.200	23.700	38.100	35.633	0.000	21.660	21.817	22.061	22.426	0.780	0.000
1685974081.893193	-1.540	24.000	35.200	23.800	38.100	35.443	0.000	21.660	21.816	22.061	22.426	0.780	0.000
1685974082.9031782	-1.170	24.000	35.200	23.800	38.100	36.583	0.000	21.660	21.816	22.061	22.426	0.780	0.000
1685974083.9031465	-0.990	24.100	35.200	23.700	38.100	35.443	0.000	21.660	21.816	22.060	22.426	0.780	0.010
1685974084.893116	0.840	24.100	35.200	23.700	38.100	36.013	0.000	21.660	21.817	22.061	22.427	0.780	0.010
1685974085.8930564	-1.350	24.000	35.200	23.700	38.100	35.633	0.000	21.660	21.817	22.061	22.427	0.780	0.000
1685974086.9030535	-1.350	24.000	35.200	23.700	38.100	36.013	0.000	21.660	21.818	22.061	22.427	0.770	0.000
1685974087.903023	1.210	24.100	35.200	23.700	38.100	35.253	0.000	21.660	21.817	22.061	22.427	0.780	0.000
1685974088.8929918	-0.810	24.100	35.200	23.700	38.100	35.443	0.000	21.660	21.817	22.062	22.427	0.780	0.010
1685974089.8929605	-1.350	24.000	35.300	23.700	38.100	35.823	0.000	21.660	21.817	22.061	22.427	0.780	0.010
1685974090.8929293	-1.350	24.000	35.300	23.700	38.100	35.062	0.000	21.660	21.818	22.061	22.427	0.780	0.000
1685974091.8928986	0.110	24.000	35.200	23.700	38.100	35.443	0.000	21.660	21.818	22.062	22.427	0.780	0.000
1685974092.892871	2.120	24.000	35.200	23.700	38.100	35.253	0.000	21.660	21.817	22.062	22.428	0.780	0.000
1685974093.8928359	-1.170	24.000	35.200	23.800	38.100	35.062	0.000	21.660	21.818	22.062	22.427	0.770	0.000
1685974094.9028046	-0.440	24.000	35.200	23.800	38.100	35.443	0.000	21.660	21.817	22.062	22.428	0.780	0.010
1685974095.8927734	0.110	24.000	35.200	23.700	38.100	35.253	0.000	21.660	21.817	22.061	22.427	0.780	0.000
1685974096.9027457	-1.170	24.000	35.200	23.700	38.100	36.203	0.000	21.660	21.817	22.062	22.427	0.770	0.000
1685974097.9027107	-1.170	24.100	35.200	23.700	38.100	35.253	0.000	21.661	21.818	22.062	22.428	0.780	0.000
1685974098.892682	-1.350	24.100	35.200	23.700	38.100	35.443	0.000	21.660	21.817	22.062	22.428	0.770	0.010
1685974099.9026487	-1.540	24.000	35.200	23.800	38.100	35.253	0.000	21.660	21.817	22.062	22.428	0.780	0.000
1685974100.8926184	-1.350	24.000	35.200	23.800	38.100	34.682	0.000	21.661	21.817	22.062	22.427	0.780	0.000
1685974101.892588	-0.990	24.100	35.200	23.700	38.100	35.633	0.000	21.660	21.819	22.063	22.428	0.780	0.000
1685974102.8925557	-0.620	24.100	35.200	23.700	38.100	35.633	0.000	21.661	21.817	22.062	22.428	0.780	0.000
1685974103.8925254	-0.260	24.000	35.200	23.800	38.100	36.203	0.000	21.660	21.818	22.062	22.427	0.770	0.000
1685974104.8924935	-0.990	24.000	35.200	23.800	38.100	36.203	0.000	21.660	21.818	22.062	22.429	0.780	0.010
1685974105.9024625	-1.170	24.000	35.200	23.700	38.000	35.823	0.000	21.661	21.817	22.062	22.428	0.780	0.010
1685974106.8924317	-1.170	24.000	35.200	23.700	38.000	35.443	0.000	21.661	21.817	22.062	22.428	0.780	0.000
1685974107.8924	-1.350	24.000	35.200	23.800	38.100	35.062	0.000	21.661	21.817	22.063	22.428	0.780	0.000
1685974108.8923693	-1.350	24.000	35.200	23.800	38.100	35.633	0.000	21.660	21.817	22.062	22.428	0.780	0.010
1685974109.8923368	-1.350	24.100	35.200	23.800	38.100	35.633	0.000	21.660	21.818	22.063	22.428	0.770	0.000
1685974110.902307	-0.810	24.100	35.200	23.800	38.100	35.443	0.000	21.661	21.818	22.062	22.428	0.780	0.010
1685974111.9022782	-1.170	24.000	35.100	23.800	38.100	35.823	0.000	21.661	21.819	22.062	22.429	0.770	0.000
1685974112.8922453	-1.540	24.000	35.100	23.800	38.100	35.253	0.000	21.661	21.818	22.063	22.428	0.780	0.000
1685974113.9022121	-1.350	24.100	35.200	23.800	38.000	35.253	0.000	21.661	21.818	22.063	22.428	0.780	0.000
1685974114.9021816	-1.350	24.100	35.200	23.800	38.000	35.633	0.000	21.660	21.818	22.063	22.427	0.780	0.010
1685974115.8921537	-1.900	24.100	35.200	23.800	38.000	35.823	0.000	21.661	21.818	22.063	22.428	0.780	0.010
1685974116.89212	-1.350	24.100	35.200	23.800	38.000	35.633	0.000	21.661	21.819	22.063	22.428	0.780	0.000
1685974117.892089	-1.540	24.100	35.100	23.700	38.000	35.633	0.000	21.661	21.818	22.063	22.428	0.780	0.000
1685974118.8920574	-1.720	24.100	35.100	23.700	38.000	35.823	0.000	21.661	21.819	22.063	22.429	0.770	0.000
1685974119.8920262	-1.350	24.100	35.200	23.700	38.000	35.253	0.000	21.660	21.819	22.062	22.428	0.780	0.000
1685974120.9019957	2.490	24.100	35.200	23.700	38.000	35.443	0.000	21.661	21.819	22.063	22.428	0.780	0.010
1685974121.8919387	-1.350	24.100	35.200	23.700	38.100	35.823	0.000	21.661	21.818	22.062	22.429	0.780	0.000
1685974122.8919332	2.490	24.100	35.200	23.700	38.100	35.062	0.000	21.661	21.818	22.063	22.429	0.780	0.000
1685974123.891902	-1.900	24.100	35.200	23.700	38.100	36.013	0.000	21.661	21.818	22.063	22.429	0.770	0.000
1685974124.8918705	-1.350	24.100	35.200	23.700	38.100	34.872	0.000	21.661	21.819	22.064	22.429	0.780	0.000
1685974125.90184	-1.350	24.100	35.100	23.800	38.100	36.013	0.000	21.661	21.820	22.064	22.429	0.780	0.010
1685974126.89181	-0.810	24.100	35.100	23.800	38.100	36.393	0.000	21.661	21.819	22.064	22.429	0.780	0.010
1685974127.9017766	1.030	24.100	35.100	23.700	38.100	35.633	0.000	21.661	21.818	22.064	22.429	0.780	0.000
1685974128.901746	0.290	24.100	35.100	23.700	38.100	35.253	0.000	21.660	21.819	22.064	22.429	0.780	0.000
1685974129.8916898	-0.990	24.000	35.100	23.700	38.100	35.062	0.000	21.661	21.818	22.063	22.429	0.780	0.000
1685974130.8916855	-1.170	24.000	35.100	23.700	38.100	36.013	0.000	21.661	21.819	22.063	22.429	0.780	0.000
1685974131.8916535	-0.810	24.100	35.200	23.700	38.100	36.203	0.000	21.661	21.819	22.063	22.429	0.780	0.000
1685974132.9016216	-1.720	24.100	35.200	23.700	38.100	35.253	0.000	21.660	21.819	22.063	22.428	0.780	0.000
1685974133.8915904	-1.540	24.100	35.200	23.700	38.100	35.443	0.000	21.661	21.819	22.063	22.429	0.780	0.000
1685974134.8915608	-1.540	24.100	35.200	23.700	38.100	35.633	0.000	21.661	21.819	22.064	22.429	0.770	0.000
1685974135.891529	-1.540	24.100	35.200	23.800	38.100	35.253	0.000	21.661	21.818	22.063	22.430	0.780	0.010
1685974136.9014964	-1.540	24.100	35.200	23.800	38.100	35.823	0.000	21.661	21.819	22.064	22.430	0.780	0.010
1685974137.8914664	-0.810	24.100	35.200	23.700	38.100	35.823	0.000	21.661	21.819	22.064	22.429	0.780	0.000
1685974138.9014342	-1.540	24.100	35.200	23.700	38.100	35.633	0.000	21.661	21.819	22.064	22.429	0.780	0.000
1685974139.9014046	-1.720	24.000	35.100	23.700	38.000	35.443	0.000	21.662	21.820	22.063	22.429	0.780	0.000
1685974140.9013717	-1.900	24.000	35.100	23.700	38.000	35.633	0.000	21.661	21.819	22.064	22.429	0.780	0.000
1685974141.8913412	-0.990	24.100	35.100	23.700	38.000	35.633	0.000	21.661	21.820	22.064	22.430	0.780	0.000
1685974142.8913107	-0.620	24.100	35.100	23.700	38.000	35.633	0.000	21.661	21.820	22.064	22.429	0.770	0.000
1685974143.8912792	-1.350	24.100	35.100	23.700	38.000	35.823	0.000	21.661	21.820	22.064	22.429	0.780	0.000
1685974144.8912475	-1.720	24.100	35.100	23.700	38.000	34.872	0.000	21.662	21.820	22.064	22.430	0.770	0.000
1685974145.8912184	-1.170	24.100	35.100	23.700	38.000	35.633	0.000	21.662	21.820	22.064	22.429	0.780	0.010
1685974146.891186	-1.540	24.100	35.100	23.700	38.000	35.823	0.000	21.662	21.819	22.063	22.430	0.780	0.000
1685974147.9011562	-0.990	24.100	35.100	23.800	38.000	35.823	0.000	21.662	21.819	22.064	22.430	0.780	0.000
1685974148.9011238	2.670	24.100	35.100	23.800	38.000	35.633	0.000	21.662	21.819	22.065	22.430	0.780	0.000
1685974149.9010918	-0.990	24.100	35.100	23.700	38.100	35.633	0.000	21.662	21.820	22.065	22.429	0.780	0.000
1685974150.8910625	-0.990	24.100	35.100	23.700	38.100	35.633	0.000	21.662	21.820	22.065	22.430	0.780	0.010
1685974151.9010305	1.390	24.000	35.100	23.700	38.100	35.253	0.000	21.661	21.820	22.065	22.430	0.780	0.010
1685974152.9009984	-1.170	24.000	35.100	23.700	38.100	36.203	0.000	21.662	21.820	22.065	22.431	0.780	0.000
1685974153.910968	-1.170	24.100	35.100	23.700	38.000	35.633	0.000	21.662	21.820	22.066	22.430	0.780	0.000
1685974154.9109359	1.030	24.100	35.100	23.700	38.000	35.633	0.000	21.662	21.821	22.065	22.430	0.780	0.010
1685974155.920905	-0.620	24.100	35.100	23.800	38.100	36.583	0.000	21.661	21.820	22.064	22.431	0.780	0.010
1685974156.9108746	-0.990	24.100	35.100	23.800	38.100	35.253	0.000	21.662	21.820	22.064	22.430	0.770	0.000
1685974157.9108427	-0.620	24.100	35.000	23.700	38.100	35.633	0.000	21.662	21.820	22.065	22.430	0.780	0.000
1685974158.910812	-0.990	24.100	35.000	23.700	38.100	35.253	0.000	21.662	21.820	22.065	22.430	0.780	0.000
1685974159.9107807	-1.540	24.000	35.100	23.700	38.100	36.013	0.000	21.662	21.819	22.065	22.430	0.780	0.010
1685974160.9207518	0.660	24.000	35.100	23.700	38.100	36.203	0.000	21.662	21.820	22.064	22.431	0.780	0.010
1685974161.9107177	-1.170	24.000	35.100	23.700	38.100	35.633	0.000	21.662	21.820	22.064	22.430	0.780	0.000
1685974162.910687	-1.540	24.000	35.100	23.700	38.100	36.013	0.000	21.662	21.821	22.065	22.430	0.780	0.000
1685974163.9206567	-1.720	24.100	35.100	23.800	38.100	36.203	0.000	21.662	21.821	22.065	22.431	0.780	0.000
1685974164.9106233	-0.810	24.100	35.100	23.800	38.100	36.203	0.000	21.662	21.821	22.066	22.430	0.780	0.010
1685974165.910593	-1.540	24.100	35.100	23.800	38.100	36.393	0.000	21.662	21.821	22.065	22.431	0.780	0.010
1685974166.9105625	-1.540	24.100	35.100	23.800	38.100	36.203	0.000	21.662	21.821	22.065	22.431	0.780	0.000
1685974167.9205313	-1.540	24.100	35.100	23.700	38.100	36.013	0.000	21.662	21.820	22.065	22.431	0.780	0.000
1685974168.910501	-1.350	24.100	35.100	23.700	38.100	36.393	0.000	21.662	21.820	22.065	22.430	0.780	0.000
1685974169.9104695	-1.720	24.100	35.100	23.800	38.100	35.823	0.000	21.662	21.820	22.066	22.431	0.780	0.010
1685974170.9204345	-1.350	24.100	35.100	23.800	38.100	36.013	0.000	21.662	21.822	22.066	22.432	0.780	0.010
1685974171.910407	-1.170	24.100	35.100	23.800	38.100	36.964	0.000	21.662	21.822	22.066	22.432	0.780	0.000
1685974172.9103756	-0.990	24.100	35.100	23.800	38.100	36.393	0.000	21.663	21.820	22.065	22.431	0.780	0.000
1685974173.9103448	1.760	24.000	35.100	23.700	38.100	36.583	0.000	21.661	21.820	22.066	22.431	0.780	0.000
1685974174.9103146	-1.170	24.000	35.100	23.700	38.100	36.393	0.000	21.662	21.821	22.066	22.432	0.780	0.000
1685974175.9102826	3.040	24.100	35.100	23.700	38.000	36.013	0.000	21.662	21.822	22.067	22.432	0.780	0.010
1685974176.9102516	-0.810	24.100	35.100	23.700	38.000	35.443	0.000	21.663	21.822	22.066	22.432	0.780	0.000
1685974177.9102192	-0.620	24.100	35.100	23.700	38.100	36.583	0.000	21.663	21.822	22.065	22.432	0.780	0.000
1685974178.910189	-1.350	24.100	35.100	23.700	38.100	36.393	0.000	21.663	21.821	22.066	22.432	0.780	0.000
1685974179.9201586	-1.540	24.100	35.100	23.800	38.100	35.823	0.000	21.662	21.821	22.066	22.432	0.770	0.010
1685974180.9201267	2.120	24.100	35.100	23.800	38.100	35.443	0.000	21.662	21.821	22.066	22.433	0.780	0.010
1685974181.9100966	-0.620	24.100	35.100	23.800	38.100	35.633	0.000	21.662	21.821	22.066	22.430	0.780	0.000
1685974182.9200642	0.480	24.100	35.100	23.800	38.100	35.633	0.000	21.662	21.821	22.066	22.432	0.780	0.000
1685974183.920035	-1.170	24.100	35.100	23.700	38.100	35.633	0.000	21.662	21.821	22.067	22.432	0.780	0.000
1685974184.9200015	-1.720	24.100	35.100	23.700	38.100	36.203	0.000	21.662	21.821	22.066	22.432	0.770	0.000
1685974185.909971	-1.350	24.100	35.200	23.700	38.100	35.823	0.000	21.662	21.822	22.067	22.432	0.780	0.010
1685974186.9199395	-1.720	24.100	35.200	23.700	38.100	36.013	0.000	21.662	21.822	22.067	22.432	0.770	0.010
1685974187.9099097	1.030	24.100	35.200	23.700	38.100	35.633	0.000	21.662	21.822	22.066	22.433	0.780	0.000
1685974188.9198775	-1.350	24.100	35.200	23.700	38.100	36.583	0.000	21.662	21.821	22.066	22.433	0.780	0.000
1685974189.919846	-0.990	24.100	35.100	23.700	38.100	35.633	0.000	21.663	21.821	22.067	22.432	0.780	0.000
1685974190.9198139	-1.350	24.100	35.100	23.700	38.100	35.823	0.000	21.663	21.822	22.067	22.432	0.780	0.000
1685974191.9097843	-0.440	24.100	35.100	23.700	38.100	36.203	0.000	21.663	21.822	22.067	22.433	0.770	0.000
1685974192.909753	-0.620	24.100	35.100	23.700	38.100	35.823	0.000	21.663	21.822	22.067	22.432	0.780	0.000
1685974193.909722	1.210	24.100	35.200	23.800	38.100	35.633	0.000	21.663	21.821	22.067	22.432	0.770	0.000
1685974194.9096882	-0.620	24.100	35.200	23.800	38.100	35.823	0.000	21.662	21.821	22.067	22.433	0.780	0.000
1685974195.9096289	-1.350	24.100	35.100	23.800	38.100	35.443	0.000	21.663	21.822	22.067	22.432	0.770	0.000
1685974196.9196298	-0.810	24.100	35.100	23.800	38.100	36.393	0.000	21.663	21.821	22.066	22.432	0.780	0.010
1685974197.909597	1.570	24.100	35.100	23.800	38.100	35.633	0.000	21.663	21.822	22.066	22.433	0.780	0.000
1685974198.919565	-1.350	24.100	35.100	23.800	38.100	34.872	0.000	21.663	21.821	22.067	22.432	0.780	0.000
1685974199.9095361	-1.350	24.000	35.200	23.800	38.100	36.583	0.000	21.663	21.822	22.068	22.433	0.780	0.000
1685974200.9095056	-1.540	24.000	35.200	23.800	38.100	36.013	0.000	21.663	21.823	22.067	22.433	0.780	0.000
1685974201.9094727	-1.350	24.100	35.100	23.800	38.200	36.203	0.000	21.663	21.822	22.067	22.433	0.780	0.010
1685974202.9194415	-0.990	24.100	35.100	23.800	38.200	35.823	0.000	21.664	21.822	22.067	22.434	0.780	0.010
1685974203.9093816	-1.170	24.100	35.200	23.800	38.200	36.013	0.000	21.664	21.822	22.067	22.433	0.780	0.000
1685974204.9093785	-0.990	24.100	35.200	23.800	38.200	35.062	0.000	21.663	21.822	22.067	22.433	0.780	0.000
1685974205.919336	-1.350	24.100	35.200	23.700	38.200	35.443	0.000	21.663	21.822	22.068	22.434	0.780	0.000
1685974206.9092915	1.390	24.100	35.200	23.700	38.200	35.633	0.000	21.663	21.823	22.068	22.433	0.770	0.000
1685974207.9092598	-1.350	24.100	35.100	23.800	38.200	35.633	0.000	21.663	21.823	22.068	22.433	0.780	0.010
1685974208.9092343	-0.990	24.100	35.100	23.800	38.200	36.013	0.000	21.662	21.822	22.067	22.433	0.780	0.010
1685974209.9192007	1.030	24.100	35.100	23.700	38.200	35.443	0.000	21.663	21.823	22.068	22.433	0.770	0.000
1685974210.9091864	0.110	24.100	35.100	23.700	38.200	35.443	0.000	21.664	21.822	22.068	22.433	0.780	0.010
1685974211.9191337	-1.720	24.100	35.100	23.700	38.200	34.872	0.000	21.663	21.823	22.068	22.434	0.770	0.000
1685974212.911538	2.310	24.100	35.100	23.700	38.200	35.443	0.000	21.664	21.822	22.067	22.433	0.780	0.000
1685974213.9115078	-0.990	24.100	35.100	23.800	38.200	35.443	0.000	21.663	21.823	22.067	22.433	0.780	0.000
1685974214.9114769	-0.990	24.100	35.100	23.800	38.200	36.013	0.000	21.664	21.823	22.068	22.433	0.780	0.000
1685974215.921424	-0.810	24.000	35.100	23.800	38.200	36.013	0.000	21.663	21.822	22.068	22.434	0.780	0.000
1685974216.9113832	-0.440	24.000	35.100	23.800	38.200	35.253	0.000	21.663	21.823	22.068	22.434	0.770	0.000
1685974217.9113834	-0.810	24.100	35.100	23.700	38.200	36.013	0.000	21.664	21.823	22.068	22.434	0.780	0.010
1685974218.9213376	-1.350	24.100	35.100	23.700	38.200	35.443	0.000	21.664	21.822	22.068	22.434	0.770	0.010
1685974219.9213212	-0.260	24.100	35.100	23.800	38.200	36.203	0.000	21.664	21.823	22.068	22.434	0.780	0.000
1685974220.9112902	-0.990	24.100	35.100	23.800	38.200	36.393	0.000	21.663	21.823	22.068	22.434	0.780	0.000
1685974221.9112587	-1.170	24.100	35.200	23.800	38.200	35.253	0.000	21.663	21.823	22.069	22.434	0.780	0.000
1685974222.91123	-0.990	24.100	35.200	23.800	38.200	35.823	0.000	21.664	21.823	22.068	22.435	0.780	0.000
1685974223.9111965	-0.990	24.000	35.100	23.700	38.200	36.393	0.000	21.664	21.823	22.068	22.434	0.780	0.000
1685974224.9111657	1.390	24.000	35.100	23.700	38.200	35.633	0.000	21.663	21.823	22.069	22.435	0.780	0.000
1685974225.9111216	-0.810	24.000	35.100	23.800	38.100	35.633	0.000	21.664	21.822	22.068	22.434	0.780	0.000
1685974226.9110675	0.290	24.000	35.100	23.800	38.100	35.823	0.000	21.664	21.823	22.068	22.434	0.780	0.000
1685974227.9110394	-0.620	24.100	35.100	23.700	38.100	35.443	0.000	21.664	21.823	22.069	22.435	0.780	0.000
1685974228.9210172	-2.090	24.100	35.100	23.700	38.100	35.633	0.000	21.664	21.822	22.069	22.434	0.780	0.000
1685974229.9109795	-1.720	24.100	35.100	23.800	38.100	35.443	0.000	21.664	21.823	22.069	22.434	0.780	0.000
1685974230.9109783	-1.720	24.100	35.100	23.800	38.100	35.253	0.000	21.664	21.824	22.069	22.434	0.780	0.000
1685974231.9109476	1.390	24.100	35.100	23.800	38.100	35.823	0.000	21.664	21.824	22.069	22.434	0.780	0.000
1685974232.9109159	-1.720	24.100	35.100	23.800	38.100	35.633	0.000	21.664	21.824	22.070	22.434	0.780	0.010
1685974233.9208834	-1.540	24.100	35.100	23.800	38.100	34.682	0.000	21.664	21.824	22.069	22.434	0.780	0.000
1685974234.910838	-1.350	24.100	35.100	23.800	38.100	35.823	0.000	21.663	21.823	22.069	22.434	0.780	0.000
1685974235.9108226	1.570	24.100	35.100	23.700	38.000	35.633	0.000	21.664	21.823	22.070	22.435	0.780	0.000
1685974236.9107907	-1.540	24.100	35.100	23.700	38.000	35.253	0.000	21.664	21.824	22.069	22.435	0.770	0.000
1685974237.92076	-0.070	24.100	35.000	23.700	38.000	36.013	0.000	21.664	21.824	22.069	22.435	0.780	0.000
1685974238.9107301	-1.170	24.100	35.000	23.700	38.000	35.823	0.000	21.664	21.824	22.070	22.435	0.780	0.010
1685974239.910699	-0.260	24.100	35.100	23.700	38.000	35.633	0.000	21.664	21.823	22.069	22.435	0.780	0.010
1685974240.9106681	-1.350	24.100	35.100	23.700	38.000	35.443	0.000	21.664	21.824	22.069	22.434	0.780	0.000
1685974241.9106364	-1.540	24.100	35.000	23.700	38.000	35.443	0.000	21.664	21.824	22.070	22.435	0.780	0.000
1685974242.9206042	-0.440	24.100	35.000	23.700	38.000	36.203	0.000	21.665	21.824	22.070	22.435	0.780	0.000
1685974243.9105732	-1.540	24.100	35.000	23.700	38.000	35.633	0.000	21.664	21.824	22.070	22.436	0.770	0.000
1685974244.920542	-1.350	24.100	35.000	23.700	38.000	35.443	0.000	21.664	21.824	22.069	22.436	0.780	0.000
1685974245.9105117	2.860	24.100	35.000	23.700	38.100	35.633	0.000	21.665	21.823	22.069	22.435	0.780	0.000
1685974246.9204805	-1.350	24.100	35.000	23.700	38.100	34.872	0.000	21.665	21.824	22.069	22.436	0.770	0.000
1685974247.9104493	-0.990	24.100	35.000	23.700	38.100	36.013	0.000	21.664	21.824	22.069	22.436	0.780	0.000
1685974248.9104166	-0.990	24.100	35.000	23.700	38.100	35.253	0.000	21.665	21.824	22.070	22.436	0.770	0.010
1685974249.9203873	-1.350	24.100	35.000	23.700	38.100	35.633	0.000	21.664	21.824	22.069	22.436	0.780	0.010
1685974250.9103358	-1.170	24.100	35.000	23.700	38.100	36.013	0.000	21.665	21.824	22.070	22.436	0.780	0.000
1685974251.9102876	-1.540	24.100	35.000	23.700	38.100	35.443	0.000	21.665	21.824	22.069	22.435	0.780	0.000
1685974252.9202614	1.030	24.100	35.000	23.700	38.100	35.443	0.000	21.665	21.825	22.070	22.436	0.780	0.000
1685974253.920228	-0.990	24.100	35.000	23.700	38.000	34.492	0.000	21.665	21.824	22.070	22.436	0.780	0.000
1685974254.920194	-1.350	24.100	35.000	23.700	38.000	35.633	0.000	21.665	21.824	22.070	22.436	0.780	0.010
1685974255.9101624	1.570	24.100	35.000	23.700	38.100	35.062	0.000	21.665	21.824	22.070	22.437	0.770	0.000
1685974256.9201317	-0.440	24.100	35.000	23.700	38.100	35.823	0.000	21.665	21.824	22.070	22.436	0.780	0.000
1685974257.9101007	1.760	24.100	35.000	23.700	38.100	35.823	0.000	21.665	21.824	22.070	22.437	0.780	0.000
1685974258.9200742	-1.170	24.100	35.000	23.700	38.100	34.872	0.000	21.665	21.824	22.071	22.436	0.780	0.010
1685974259.9100385	-0.810	24.100	35.000	23.800	38.100	35.253	0.000	21.665	21.825	22.070	22.436	0.780	0.000
1685974260.9100106	-0.990	24.100	35.000	23.800	38.100	35.253	0.000	21.664	21.825	22.071	22.437	0.780	0.000
1685974261.9099815	0.480	24.100	35.000	23.800	38.100	35.443	0.000	21.665	21.824	22.070	22.436	0.780	0.000
1685974262.9099817	-1.540	24.100	35.000	23.800	38.100	35.633	0.000	21.665	21.824	22.070	22.437	0.780	0.000
1685974263.909951	0.290	24.100	35.000	23.800	38.100	35.253	0.000	21.666	21.825	22.071	22.437	0.780	0.000
1685974264.9099197	-1.170	24.100	35.000	23.800	38.100	35.633	0.000	21.665	21.826	22.070	22.436	0.780	0.000
1685974265.909889	-0.990	24.100	35.000	23.700	38.000	36.203	0.000	21.665	21.825	22.070	22.437	0.780	0.000
1685974266.9098568	-0.990	24.100	35.000	23.700	38.000	35.823	0.000	21.665	21.825	22.071	22.438	0.780	0.000
1685974267.9198258	-1.900	24.100	35.000	23.800	38.100	35.823	0.000	21.665	21.824	22.071	22.438	0.780	0.010
1685974268.9197958	-1.540	24.100	35.000	23.800	38.100	35.633	0.000	21.665	21.825	22.070	22.437	0.780	0.000
1685974269.9097638	-1.350	24.100	35.000	23.800	38.100	36.013	0.000	21.665	21.824	22.071	22.437	0.780	0.000
1685974270.919732	-0.440	24.100	35.000	23.800	38.100	36.203	0.000	21.665	21.824	22.071	22.437	0.780	0.000
1685974271.9197009	-1.170	24.100	35.100	23.800	38.100	36.393	0.000	21.665	21.825	22.071	22.438	0.780	0.000
1685974272.9196706	-1.170	24.100	35.100	23.800	38.100	36.013	0.000	21.665	21.825	22.071	22.438	0.780	0.000
1685974273.919639	-1.170	24.100	35.100	23.800	38.000	36.393	0.000	21.666	21.825	22.070	22.438	0.780	0.000
1685974274.9095795	-0.990	24.100	35.100	23.800	38.000	35.633	0.000	21.666	21.826	22.071	22.437	0.780	0.000
1685974275.9095764	-1.350	24.100	35.000	23.700	38.000	35.443	0.000	21.665	21.825	22.072	22.437	0.780	0.000
1685974276.909546	-1.170	24.100	35.000	23.700	38.000	36.393	0.000	21.665	21.825	22.071	22.437	0.780	0.000
1685974277.909481	1.760	24.100	35.100	23.800	38.000	36.013	0.000	21.665	21.825	22.071	22.438	0.780	0.000
1685974278.9094837	-0.990	24.100	35.100	23.800	38.000	36.583	0.000	21.666	21.826	22.072	22.439	0.780	0.000
1685974279.909416	-0.810	24.100	35.100	23.700	38.000	36.013	0.000	21.665	21.825	22.072	22.439	0.780	0.000
1685974280.9194212	-1.170	24.100	35.100	23.700	38.000	36.203	0.000	21.665	21.826	22.072	22.438	0.780	0.000
1685974281.9093914	-0.990	24.100	35.000	23.700	38.000	36.203	0.000	21.666	21.826	22.071	22.437	0.780	0.000
1685974282.919358	-1.540	24.100	35.000	23.700	38.000	36.203	0.000	21.666	21.825	22.072	22.439	0.780	0.000
1685974283.9093277	-1.170	24.100	35.100	23.700	38.000	36.013	0.000	21.665	21.826	22.072	22.438	0.770	0.000
1685974284.909297	0.110	24.100	35.100	23.700	38.000	35.443	0.000	21.665	21.826	22.072	22.439	0.780	0.010
1685974285.9092665	-1.540	24.100	35.000	23.700	38.000	35.823	0.000	21.665	21.826	22.072	22.438	0.780	0.000
1685974286.909235	-1.540	24.100	35.000	23.700	38.000	35.633	0.000	21.665	21.826	22.072	22.438	0.780	0.000
1685974287.909203	-0.620	24.100	35.000	23.800	38.000	36.013	0.000	21.665	21.826	22.071	22.438	0.780	0.000
1685974288.9191473	-1.170	24.100	35.000	23.800	38.000	35.823	0.000	21.666	21.826	22.072	22.438	0.780	0.000
1685974289.9091115	-1.350	24.100	34.900	23.700	38.000	35.633	0.000	21.665	21.826	22.072	22.439	0.780	0.010
1685974290.909083	0.660	24.100	34.900	23.700	38.000	36.203	0.000	21.665	21.826	22.072	22.439	0.780	0.000
1685974291.9190683	-0.990	24.100	34.900	23.700	38.000	36.393	0.000	21.666	21.826	22.072	22.438	0.780	0.010
1685974292.9190283	-1.350	24.100	34.900	23.700	38.000	35.633	0.000	21.666	21.826	22.071	22.439	0.780	0.010
1685974293.9190032	-1.540	24.100	35.000	23.800	38.000	35.443	0.000	21.666	21.826	22.072	22.438	0.780	0.000
1685974294.9089742	-1.540	24.100	35.000	23.800	38.000	35.062	0.000	21.666	21.825	22.072	22.439	0.780	0.000
1685974295.9189544	-1.350	24.000	35.000	23.700	38.000	35.633	0.000	21.667	21.826	22.072	22.439	0.780	0.000
1685974296.9089227	-1.170	24.000	35.000	23.700	38.000	35.253	0.000	21.666	21.827	22.072	22.440	0.780	0.000
1685974297.9088905	-1.350	24.100	35.000	23.800	38.000	35.253	0.000	21.666	21.827	22.072	22.439	0.780	0.010
1685974298.9188604	1.760	24.100	35.000	23.800	38.000	35.443	0.000	21.666	21.826	22.072	22.439	0.780	0.000
1685974299.9188292	1.760	24.100	35.000	23.800	38.000	35.062	0.000	21.666	21.826	22.072	22.439	0.780	0.000
1685974300.9087992	-1.170	24.100	35.000	23.800	38.000	34.872	0.000	21.666	21.826	22.071	22.439	0.780	0.000
1685974301.908768	-1.540	24.100	35.000	23.800	37.900	36.203	0.000	21.666	21.826	22.072	22.439	0.780	0.000
1685974302.9087367	-1.170	24.100	35.000	23.800	37.900	35.253	0.000	21.666	21.827	22.072	22.439	0.780	0.000
1685974303.9087055	-1.170	24.100	35.000	23.800	37.900	35.823	0.000	21.666	21.825	22.073	22.440	0.780	0.000
1685974304.908676	-0.810	24.100	35.000	23.800	37.900	35.443	0.000	21.665	21.826	22.073	22.438	0.780	0.000
1685974305.9186435	-1.170	24.100	34.900	23.800	37.900	35.823	0.000	21.666	21.827	22.073	22.440	0.780	0.000
1685974306.9186113	-1.170	24.100	34.900	23.800	37.900	35.253	0.000	21.665	21.826	22.072	22.440	0.780	0.000
1685974307.9085803	-0.620	24.100	34.900	23.800	37.900	35.062	0.000	21.665	21.826	22.073	22.440	0.780	0.010
1685974308.918549	-1.350	24.100	34.900	23.800	37.900	35.062	0.000	21.666	21.826	22.073	22.440	0.780	0.000
1685974309.908518	-1.350	24.100	34.900	23.800	37.900	35.823	0.000	21.666	21.827	22.072	22.439	0.780	0.000
1685974310.908487	-1.540	24.100	34.900	23.800	37.900	35.253	0.000	21.666	21.826	22.073	22.440	0.780	0.000
1685974311.9084568	-1.540	24.100	34.900	23.700	37.800	35.633	0.000	21.666	21.827	22.073	22.440	0.780	0.000
1685974312.9184244	-1.170	24.100	34.900	23.700	37.800	35.823	0.000	21.666	21.828	22.073	22.440	0.780	0.000
1685974313.908394	-0.810	24.100	35.000	23.800	37.800	35.253	0.000	21.666	21.827	22.073	22.440	0.780	0.000
1685974314.9128425	-0.260	24.100	35.000	23.800	37.800	35.823	0.000	21.667	21.828	22.074	22.440	0.780	0.000
1685974315.9229894	-0.810	24.100	35.000	23.800	37.800	36.203	0.000	21.666	21.827	22.074	22.440	0.770	0.000
1685974316.9326382	-1.350	24.100	35.000	23.800	37.800	35.443	0.000	21.667	21.827	22.074	22.441	0.780	0.000
1685974317.9225953	-1.540	24.100	34.900	23.800	37.800	35.253	0.000	21.666	21.827	22.073	22.441	0.780	0.000
1685974318.9225957	-1.350	24.100	34.900	23.800	37.800	35.443	0.000	21.666	21.828	22.074	22.440	0.780	0.010
1685974319.922539	-1.350	24.100	35.000	23.800	37.900	35.443	0.000	21.665	21.827	22.074	22.440	0.780	0.000
1685974320.9225023	2.120	24.100	35.000	23.800	37.900	35.443	0.000	21.666	21.828	22.074	22.441	0.780	0.000
1685974321.9225042	0.660	24.100	34.900	23.800	37.900	36.203	0.000	21.666	21.827	22.073	22.441	0.780	0.000
1685974322.9224436	-0.990	24.100	34.900	23.800	37.900	35.633	0.000	21.667	21.828	22.074	22.441	0.780	0.010
1685974323.9224234	-0.990	24.100	35.000	23.800	37.900	35.633	0.000	21.667	21.827	22.074	22.440	0.780	0.010
1685974324.9223888	-0.990	24.100	35.000	23.800	37.900	35.823	0.000	21.667	21.827	22.073	22.440	0.780	0.000
1685974325.9223454	0.290	24.100	35.000	23.800	37.900	35.633	0.000	21.667	21.828	22.073	22.440	0.780	0.000
1685974326.9223278	-1.350	24.100	35.000	23.800	37.900	35.823	0.000	21.667	21.827	22.074	22.441	0.780	0.000
1685974327.9322996	1.940	24.100	35.000	23.800	38.000	36.203	0.000	21.667	21.828	22.074	22.441	0.780	0.010
1685974328.9422612	1.210	24.100	35.000	23.800	38.000	36.203	0.000	21.667	21.828	22.074	22.440	0.780	0.000
1685974329.9522333	-1.170	24.100	35.000	23.800	37.900	36.013	0.000	21.667	21.829	22.074	22.440	0.780	0.010
1685974330.9421933	-0.620	24.100	35.000	23.800	37.900	36.203	0.000	21.667	21.828	22.074	22.441	0.780	0.010
1685974331.9421637	-1.540	24.100	35.000	23.800	37.900	36.013	0.000	21.667	21.828	22.074	22.441	0.780	0.000