LinuxTime	Length2	Length4	Tension2	Tension4	ErrLength2	ErrLength4	LengthTot	DayTime
1686298868.598176	604.53	695.24	6.97	9.09	-2.05	3.69	1299.77	10:21:08.58
1686298869.6034422	604.51	695.24	5.77	8.69	0.57	4.61	1299.75	10:21:09.58
1686298871.9479058	604.51	695.22	5.77	8.02	0.57	6.14	1299.73	10:21:11.93
1686298872.9533167	604.52	695.23	6.44	8.55	-0.89	4.91	1299.75	10:21:12.93
1686298874.2044694	604.53	695.25	6.57	9.76	-1.18	2.15	1299.78	10:21:14.19
1686298875.2071078	604.52	695.24	6.44	8.69	-0.89	4.61	1299.76	10:21:15.19
1686298876.2100372	604.53	695.24	6.57	8.96	-1.18	3.99	1299.77	10:21:16.19
1686298877.4505713	604.54	695.24	7.24	8.82	-2.64	4.3	1299.78	10:21:17.44
1686298878.455521	604.53	695.23	6.84	8.29	-1.76	5.53	1299.76	10:21:18.44
1686298879.4594278	604.54	695.22	7.24	8.02	-2.64	6.14	1299.76	10:21:19.44
1686298880.703271	604.53	695.24	6.57	8.69	-1.18	4.61	1299.77	10:21:20.68
1686298881.7073236	604.52	695.24	6.44	8.96	-0.89	3.99	1299.76	10:21:21.68
1686298882.710057	604.52	695.23	6.3	8.42	-0.59	5.22	1299.75	10:21:22.68
1686298884.9648743	604.53	695.24	6.57	8.69	-1.18	4.61	1299.77	10:21:24.95
1686298885.969467	604.52	695.24	6.04	8.96	-0.01	3.99	1299.76	10:21:25.95
1686298887.2106357	604.53	695.24	6.57	8.82	-1.18	4.3	1299.77	10:21:27.19
1686298888.2135413	604.53	695.25	6.84	9.36	-1.76	3.07	1299.78	10:21:28.19
1686298889.2168052	604.52	695.24	6.44	8.69	-0.89	4.61	1299.76	10:21:29.20
1686298890.4603581	604.53	695.22	6.97	7.89	-2.05	6.45	1299.75	10:21:30.44
1686298891.4725423	604.53	695.24	6.57	8.69	-1.18	4.61	1299.77	10:21:31.46
1686298892.4770105	604.51	695.22	5.77	8.02	0.57	6.14	1299.73	10:21:32.46
1686298893.7226517	604.52	695.23	6.44	8.15	-0.89	5.83	1299.75	10:21:33.70
1686298894.727118	604.52	695.23	6.44	8.55	-0.89	4.91	1299.75	10:21:34.70
1686298895.7316916	604.53	695.24	6.97	8.69	-2.05	4.61	1299.77	10:21:35.71
1686298896.961454	604.53	695.23	6.57	8.55	-1.18	4.91	1299.76	10:21:36.95
1686298897.9664707	604.53	695.25	6.7	9.62	-1.47	2.46	1299.78	10:21:37.95
1686298898.9718742	604.53	695.24	6.7	8.82	-1.47	4.3	1299.77	10:21:38.95
1686298901.211783	604.52	695.23	6.3	8.42	-0.59	5.22	1299.75	10:21:41.20
1686298902.2168424	604.53	695.24	6.7	9.09	-1.47	3.69	1299.77	10:21:42.20
1686298903.436888	604.52	695.23	5.9	8.55	0.28	4.91	1299.75	10:21:43.42
1686298905.4457603	604.52	695.24	6.04	8.69	-0.01	4.61	1299.76	10:21:45.42
1686298907.7022765	604.51	695.24	5.77	9.09	0.57	3.69	1299.75	10:21:47.69
1686298908.7075129	604.53	695.24	7.1	8.82	-2.34	4.3	1299.77	10:21:48.69
1686298909.9442613	604.52	695.24	6.44	8.96	-0.89	3.99	1299.76	10:21:49.93
1686298910.9493132	604.53	695.25	7.1	9.62	-2.34	2.46	1299.78	10:21:50.93
1686298911.9546726	604.51	695.24	5.77	8.82	0.57	4.3	1299.75	10:21:51.93
1686298914.1985383	604.52	695.23	6.04	8.29	-0.01	5.53	1299.75	10:21:54.18
1686298915.2018745	604.51	695.24	5.64	8.96	0.87	3.99	1299.75	10:21:55.18
1686298918.4610991	604.55	695.2	6.3	8.55	-0.56	4.88	1299.75	10:21:58.45
1686298919.707038	604.56	695.2	6.7	8.55	-1.44	4.88	1299.76	10:21:59.69
1686298920.7111094	604.56	695.2	6.57	8.29	-1.15	5.5	1299.76	10:22:00.69
1686298921.715306	604.55	695.21	6.44	8.82	-0.85	4.27	1299.76	10:22:01.69
1686298923.970434	604.56	695.22	6.84	7.49	-1.73	7.37	1299.78	10:22:03.95
1686298924.974581	604.58	695.23	6.04	8.55	0.05	4.91	1299.81	10:22:04.96
1686298927.2030149	604.59	695.26	6.97	10.29	-1.99	0.92	1299.85	10:22:07.18
1686298929.4372795	604.58	695.19	6.04	7.89	0.05	6.41	1299.77	10:22:09.42
1686298930.4418144	604.6	695.2	7.24	8.42	-2.58	5.19	1299.8000000000002	10:22:10.43
1686298931.4464	604.59	695.21	6.97	9.22	-1.99	3.35	1299.8000000000002	10:22:11.43
1686298934.7068412	604.57	695.2	5.64	8.15	0.93	5.8	1299.77	10:22:14.69
1686298936.9353755	604.57	695.2	5.77	8.29	0.63	5.49	1299.77	10:22:16.92
1686298937.9401944	604.58	695.2	6.44	8.55	-0.82	4.88	1299.7800000000002	10:22:17.92
1686298940.1848133	604.59	695.2	6.7	8.29	-1.41	5.49	1299.79	10:22:20.16
1686298943.4413607	604.59	695.22	6.57	9.49	-1.12	2.73	1299.81	10:22:23.43
1686298944.4449875	604.59	695.24	6.7	9.22	-1.41	3.38	1299.83	10:22:24.43
1686298945.6857505	604.58	695.21	5.9	8.69	0.34	4.57	1299.79	10:22:25.67
1686298946.6903734	604.59	695.21	6.7	8.96	-1.41	3.96	1299.8000000000002	10:22:26.67
1686298947.6949801	604.58	695.21	6.04	8.82	0.05	4.27	1299.79	10:22:27.68
1686298949.9349678	604.6	695.2	7.37	8.55	-2.87	4.88	1299.8000000000002	10:22:29.92
1686298950.9376938	604.58	695.2	5.9	8.29	0.34	5.49	1299.7800000000002	10:22:30.92
1686298952.1786778	604.58	695.2	6.3	8.42	-0.53	5.19	1299.7800000000002	10:22:32.16
1686298953.1831787	604.58	695.21	6.04	8.69	0.05	4.57	1299.79	10:22:33.17
1686298954.1880755	604.58	695.2	6.04	8.15	0.05	5.8	1299.7800000000002	10:22:34.17
1686298956.446204	604.58	695.19	6.44	8.02	-0.82	6.11	1299.77	10:22:36.43
1686298957.4506285	604.59	695.22	6.97	9.36	-1.99	3.04	1299.81	10:22:37.43
1686298958.695503	604.57	695.2	5.64	8.42	0.93	5.19	1299.77	10:22:38.67
1686298959.699617	604.6	695.2	7.37	8.55	-2.87	4.88	1299.8000000000002	10:22:39.68
1686298960.7123837	604.6	695.2	7.37	8.15	-2.87	5.8	1299.8000000000002	10:22:40.70
1686298961.9538743	604.57	695.2	5.64	8.55	0.93	4.88	1299.77	10:22:41.94
1686298962.9583755	604.58	695.2	6.44	8.29	-0.82	5.49	1299.7800000000002	10:22:42.94
1686298963.9639602	604.59	695.21	6.57	8.82	-1.12	4.27	1299.8000000000002	10:22:43.94
1686298965.219751	604.58	695.18	6.44	7.35	-0.82	7.64	1299.76	10:22:45.21
1686298966.2248886	604.6	695.19	7.1	7.49	-2.28	7.33	1299.79	10:22:46.21
1686298968.4849598	604.58	695.2	6.04	8.55	0.05	4.88	1299.7800000000002	10:22:48.47
1686298970.4929287	604.58	695.2	6.44	8.55	-0.82	4.88	1299.7800000000002	10:22:50.48
1686298971.730336	604.58	695.2	5.9	8.15	0.34	5.8	1299.7800000000002	10:22:51.72
1686298972.735092	604.57	695.19	5.77	7.49	0.63	7.33	1299.7600000000002	10:22:52.72
1686298973.7400675	604.59	695.19	6.57	8.02	-1.12	6.11	1299.7800000000002	10:22:53.72
1686298974.9831426	604.59	695.2	6.7	8.29	-1.41	5.49	1299.79	10:22:54.96
1686298975.9863634	604.58	695.19	6.04	7.75	0.05	6.72	1299.77	10:22:55.96
1686298976.9899004	604.59	695.21	6.57	8.69	-1.12	4.57	1299.8000000000002	10:22:56.97
1686298978.2420468	604.58	695.2	6.17	8.15	-0.24	5.8	1299.7800000000002	10:22:58.23
1686298979.249866	0.0	0.0	6.57	8.55	-1.19	4.81	0.0	10:22:59.23
1686298980.2561684	0.0	0.0	5.5	7.89	-0.39	4.21	0.0	10:23:00.23
1686298981.5139468	0.0	0.0	4.97	6.55	-0.76	3.79	0.0	10:23:01.49
1686298982.5188158	0.0	0.0	4.43	6.15	-0.33	2.67	0.0	10:23:02.50
1686298983.5232534	0.0	0.0	4.43	6.15	-0.44	1.2	0.0	10:23:03.50
1686298984.7550924	0.0	0.0	4.57	5.21	-0.73	1.81	0.0	10:23:04.74
1686298985.7599304	0.0	0.0	4.43	4.28	-0.44	3.16	0.0	10:23:05.74
1686298986.7648022	0.0	0.0	4.03	4.95	0.43	1.14	0.0	10:23:06.74
1686298988.0184894	604.56	695.15	5.1	5.61	-1.9	-0.51	1299.71	10:23:08.01
1686298989.023627	604.55	695.13	4.17	4.68	0.14	1.64	1299.6799999999998	10:23:09.01
1686298990.0290995	604.56	695.13	4.83	4.68	-1.32	1.64	1299.69	10:23:10.01
1686298991.2643113	604.56	695.13	4.7	4.54	-1.03	1.94	1299.69	10:23:11.25
1686298992.2690818	604.54	695.12	4.03	4.14	0.43	2.86	1299.6599999999999	10:23:12.25
1686298993.2737982	604.56	695.13	4.83	4.54	-1.32	1.94	1299.69	10:23:13.25
1686298994.5091653	604.57	695.13	5.37	4.54	-2.49	1.94	1299.7	10:23:14.50
1686298995.5131516	604.56	695.14	4.83	5.08	-1.32	0.72	1299.6999999999998	10:23:15.50
1686298996.5170426	604.56	695.14	4.7	4.95	-1.03	1.02	1299.6999999999998	10:23:16.50
1686298997.7429476	604.56	695.13	5.1	4.54	-1.9	1.94	1299.69	10:23:17.72
1686298998.7458014	604.56	695.13	4.97	4.68	-1.61	1.64	1299.69	10:23:18.72
1686298999.7505057	604.56	695.13	4.83	4.54	-1.32	1.94	1299.69	10:23:19.72
1686299001.985241	605.0	695.0	4.7	4.95	0.0	-0.0	1300.0	10:23:21.97
1686299002.9900699	605.0	695.0	4.57	4.81	0.29	0.31	1300.0	10:23:22.97
1686299004.2352483	605.0	695.0	4.97	5.08	-0.58	-0.31	1300.0	10:23:24.21
1686299005.2385516	605.0	694.99	4.57	4.41	0.29	1.23	1299.99	10:23:25.21
1686299006.24963	605.0	695.0	4.57	4.95	0.29	-0.0	1300.0	10:23:26.24
1686299007.478001	605.0	694.99	4.97	4.68	-0.58	0.61	1299.99	10:23:27.46
1686299008.481605	605.0	695.0	4.7	4.95	0.0	-0.0	1300.0	10:23:28.46
1686299009.4850123	605.01	694.99	5.5	4.68	-1.75	0.61	1300.0	10:23:29.46
1686299010.717674	604.99	695.0	4.03	4.81	1.46	0.31	1299.99	10:23:30.70
1686299011.7223828	605.0	695.0	4.83	4.95	-0.29	-0.0	1300.0	10:23:31.70
1686299012.7275152	605.0	695.0	4.7	4.95	0.0	-0.0	1300.0	10:23:32.71
1686299013.961525	605.0	694.99	4.7	4.54	0.0	0.92	1299.99	10:23:33.95
1686299014.9653294	604.99	694.98	4.03	4.14	1.46	1.84	1299.97	10:23:34.95
1686299015.9691207	605.0	694.99	4.57	4.68	0.29	0.61	1299.99	10:23:35.95
1686299018.2119856	605.0	695.0	4.7	5.08	0.0	-0.31	1300.0	10:23:38.20
1686299019.2162786	605.0	695.01	4.57	5.61	0.29	-1.53	1300.01	10:23:39.20
1686299022.4450088	605.0	694.99	4.57	4.68	0.29	0.61	1299.99	10:23:42.42
1686299024.6849167	605.0	695.01	4.7	5.35	0.0	-0.92	1300.01	10:23:44.67
1686299025.6904616	604.99	694.99	4.03	4.68	1.46	0.61	1299.98	10:23:45.67
1686299027.9481657	605.0	694.99	4.43	4.54	0.58	0.92	1299.99	10:23:47.93
1686299028.9535484	604.99	695.01	4.3	5.21	0.88	-0.61	1300.0	10:23:48.93
1686299030.1897979	604.99	695.0	4.03	5.08	1.46	-0.31	1299.99	10:23:50.18
1686299031.1946163	605.0	694.99	4.57	4.68	0.29	0.61	1299.99	10:23:51.18
1686299032.1982224	605.0	695.0	4.57	4.95	0.29	-0.0	1300.0	10:23:52.18
1686299033.435317	605.0	695.0	4.57	4.81	0.29	0.31	1300.0	10:23:53.42
1686299034.440028	604.99	695.0	4.03	4.81	1.46	0.31	1299.99	10:23:54.42
1686299036.6802707	605.0	694.99	4.7	4.54	0.0	0.92	1299.99	10:23:56.67
1686299037.6836684	605.0	695.01	4.7	5.21	0.0	-0.61	1300.01	10:23:57.67
1686299038.688698	605.0	694.99	4.57	4.68	0.29	0.61	1299.99	10:23:58.67
1686299040.9296875	604.99	695.0	4.03	4.81	1.46	0.31	1299.99	10:24:00.91
1686299041.9347303	605.0	695.0	4.7	4.81	0.0	0.31	1300.0	10:24:01.92
1686299044.175038	604.99	694.99	4.3	4.41	0.88	1.23	1299.98	10:24:04.16
1686299045.1797967	604.99	695.0	4.17	4.81	1.17	0.31	1299.99	10:24:05.16
1686299047.4269748	605.0	694.99	4.83	4.54	-0.29	0.92	1299.99	10:24:07.40
1686299048.4309921	605.0	695.01	4.7	5.21	0.0	-0.61	1300.01	10:24:08.41
1686299049.6833386	605.0	695.0	4.97	4.81	-0.58	0.31	1300.0	10:24:09.67
1686299050.6868088	604.99	695.02	4.03	5.88	1.46	-2.15	1300.01	10:24:10.67
1686299051.691167	605.0	695.0	4.83	4.95	-0.29	-0.0	1300.0	10:24:11.67
1686299052.946663	605.0	694.99	4.83	4.68	-0.29	0.61	1299.99	10:24:12.93
1686299053.9511225	604.99	694.99	4.3	4.28	0.88	1.53	1299.98	10:24:13.94
1686299054.9550045	605.0	695.01	4.83	5.21	-0.29	-0.61	1300.01	10:24:14.94
1686299056.192567	605.0	695.0	4.7	5.08	0.0	-0.31	1300.0	10:24:16.18
1686299057.1971066	604.99	695.0	4.17	4.81	1.17	0.31	1299.99	10:24:17.18
1686299058.2024512	605.0	695.01	4.7	5.35	0.0	-0.92	1300.01	10:24:18.18
1686299059.4389217	605.0	695.01	4.83	5.48	-0.29	-1.23	1300.01	10:24:19.42
1686299060.4426954	605.01	695.01	5.5	5.35	-1.75	-0.92	1300.02	10:24:20.43
1686299061.447194	605.01	694.99	5.1	4.68	-0.88	0.61	1300.0	10:24:21.43
1686299063.690827	605.0	694.99	4.43	4.54	0.58	0.92	1299.99	10:24:23.67
1686299064.695009	605.0	694.99	4.83	4.68	-0.29	0.61	1299.99	10:24:24.67
1686299065.9376464	605.0	695.01	4.83	5.21	-0.29	-0.61	1300.01	10:24:25.92
1686299066.9423888	315.0	985.0	4.7	4.28	0.08	1.53	1300.0	10:24:26.92
1686299067.9573693	315.0	985.0	4.57	4.41	1.43	1.21	1300.0	10:24:27.94
1686299069.1955526	315.0	985.0	5.77	4.41	1.44	1.21	1300.0	10:24:29.18
1686299070.2010324	315.0	985.0	7.37	4.28	0.19	1.51	1300.0	10:24:30.18
1686299071.2061386	315.0	985.0	8.17	3.61	0.66	3.03	1300.0	10:24:31.18
1686299072.4303958	315.0	985.0	9.78	4.01	-0.09	2.07	1300.0	10:24:32.41
1686299073.4444454	315.0	985.0	11.24	4.81	-1.0	0.22	1300.0	10:24:33.43
1686299074.4490943	315.0	985.0	10.98	5.08	1.84	-0.4	1300.0	10:24:34.43
1686299076.711445	315.0	985.0	13.78	5.35	0.78	-1.0	1300.0	10:24:36.69
1686299077.716485	315.0	985.0	14.85	4.81	0.61	0.23	1300.0	10:24:37.70
1686299079.958323	315.0	985.0	13.25	6.42	3.08	-0.65	1300.0	10:24:39.94
1686299080.9635148	315.0	985.0	14.32	6.15	0.88	0.29	1300.0	10:24:40.94
1686299083.2047668	315.0	985.0	14.18	6.82	1.41	-0.8	1300.0	10:24:43.19
1686299085.4462068	315.0	985.0	13.91	6.95	2.32	-1.05	1300.0	10:24:45.43
1686299086.4511573	315.0	985.0	15.52	6.55	-0.98	-0.12	1300.0	10:24:46.43
1686299087.455943	315.0	985.0	14.72	6.01	0.79	1.25	1300.0	10:24:47.43
1686299088.692186	315.0	985.0	14.85	6.82	0.29	-0.2	1300.0	10:24:48.67
1686299089.6970904	315.0	985.0	15.52	7.08	-1.13	-0.77	1300.0	10:24:49.68
1686299090.7024903	315.0	985.0	14.72	6.68	0.76	0.14	1300.0	10:24:50.68
1686299091.9410727	315.0	985.0	14.85	5.61	0.57	2.62	1300.0	10:24:51.92
1686299093.9495199	315.0	985.0	14.85	6.42	0.79	0.76	1300.0	10:24:53.92
1686299096.2047145	315.0	985.0	14.85	6.95	0.68	-0.22	1300.0	10:24:56.19
1686299098.4541829	315.0	985.0	15.38	6.42	-0.33	1.0	1300.0	10:24:58.43
1686299099.4693885	315.0	985.0	15.12	7.22	0.07	-0.84	1300.0	10:24:59.45
1686299100.4746373	315.0	985.0	15.12	7.08	0.05	-0.53	1300.0	10:25:00.45
1686299101.71457	315.0	985.0	14.72	7.08	0.82	-0.5	1300.0	10:25:01.70
1686299102.719272	315.0	985.0	14.32	6.42	1.56	1.14	1300.0	10:25:02.70
1686299103.7253313	315.0	985.0	14.58	6.82	0.99	0.2	1300.0	10:25:03.70
1686299104.9665961	315.0	985.0	14.85	7.22	0.42	-0.7	1300.0	10:25:04.94
1686299105.9824047	315.0	985.0	15.38	6.55	-0.72	0.82	1300.0	10:25:05.96
1686299106.9871771	315.0	985.0	14.45	6.55	1.28	0.84	1300.0	10:25:06.97
1686299109.2299657	315.0	985.0	15.12	7.08	0.0	-0.37	1300.0	10:25:09.21
1686299110.2352614	315.0	985.0	15.25	6.28	-0.27	1.45	1300.0	10:25:10.21
1686299111.4759097	315.0	985.0	14.85	7.22	0.62	-0.7	1300.0	10:25:11.45
1686299113.4840267	315.0	985.0	14.45	7.62	1.56	-1.65	1300.0	10:25:13.46
1686299114.7379882	315.0	985.0	14.72	6.95	0.92	-0.09	1300.0	10:25:14.72
1686299115.743079	315.0	985.0	15.25	6.68	-0.21	0.48	1300.0	10:25:15.72
1686299116.7473097	315.0	985.0	14.72	7.22	1.13	-0.77	1300.0	10:25:16.72
1686299118.993942	315.0	985.0	14.98	7.22	0.76	-0.83	1300.0	10:25:18.97
1686299120.00756	315.0	985.0	15.38	5.61	0.01	2.86	1300.0	10:25:19.99
1686299122.230881	315.0	985.0	14.98	6.01	2.0	1.61	1300.0	10:25:22.21
1686299123.2343152	315.0	985.0	15.92	6.82	0.24	-0.22	1300.0	10:25:23.22
1686299124.471131	315.0	985.0	15.25	7.62	1.78	-1.96	1300.0	10:25:24.46
1686299125.4788272	315.0	985.0	15.38	7.22	1.47	-0.91	1300.0	10:25:25.46
1686299126.4840848	315.0	985.0	15.52	6.95	0.95	-0.18	1300.0	10:25:26.46
1686299128.721131	315.0	985.0	14.98	7.75	1.34	-1.6	1300.0	10:25:28.70
1686299129.7250664	315.0	985.0	14.98	8.02	0.99	-2.08	1300.0	10:25:29.71
1686299130.9654183	315.0	985.0	15.38	6.28	-0.02	1.84	1300.0	10:25:30.95
1686299131.9708622	315.0	985.0	14.98	7.62	0.72	-1.24	1300.0	10:25:31.95
1686299135.2159986	315.0	985.0	14.98	7.22	0.51	-0.48	1300.0	10:25:35.20
1686299138.4597514	315.0	985.0	15.52	7.89	-0.64	-2.2	1300.0	10:25:38.44
1686299139.46462	315.0	985.0	14.45	6.68	1.78	0.57	1300.0	10:25:39.44
1686299140.7008605	315.0	985.0	15.12	6.95	0.54	-0.08	1300.0	10:25:40.68
1686299143.9525433	315.0	985.0	14.72	6.95	0.65	0.28	1300.0	10:25:43.93
1686299145.9716759	315.0	985.0	14.45	6.68	0.89	0.87	1300.0	10:25:45.95
1686299148.2158253	315.0	985.0	14.98	6.95	1.54	-1.02	1300.0	10:25:48.20
1686299149.2210357	315.0	985.0	15.12	6.15	2.41	0.1	1300.0	10:25:49.20
1686299151.4416416	315.0	985.0	18.19	5.61	-0.53	-0.5	1300.0	10:25:51.42
1686299152.4458616	315.0	985.0	17.92	5.08	0.41	1.65	1300.0	10:25:52.42
1686299153.6813896	315.0	985.0	18.32	6.82	-0.09	-1.53	1300.0	10:25:53.67
1686299154.6859038	315.0	985.0	18.72	6.55	-1.3	-0.12	1300.0	10:25:54.67
1686299155.6906517	315.0	985.0	15.52	8.02	1.97	-0.71	1300.0	10:25:55.67
1686299156.9272368	315.0	985.0	14.98	7.49	1.13	0.71	1300.0	10:25:56.91
1686299157.9328916	315.0	985.0	15.12	7.49	1.49	-0.52	1300.0	10:25:57.91
1686299158.937173	315.0	985.0	15.78	6.68	-0.4	1.32	1300.0	10:25:58.91
1686299161.178875	315.0	985.0	15.92	6.15	-1.01	2.53	1300.0	10:26:01.16
1686299162.1833467	315.0	985.0	16.05	7.62	-1.32	-0.85	1300.0	10:26:02.16
1686299163.4223533	315.0	985.0	14.85	7.08	1.75	-0.19	1300.0	10:26:03.40
1686299164.4278402	315.0	985.0	15.78	7.75	-0.61	-1.64	1300.0	10:26:04.40
1686299165.4438496	315.0	985.0	14.98	6.28	0.99	1.73	1300.0	10:26:05.43
1686299166.6689434	315.0	985.0	15.52	7.22	-0.36	-0.43	1300.0	10:26:06.65
1686299168.677731	315.0	985.0	14.58	6.55	1.48	1.08	1300.0	10:26:08.65
1686299169.9326541	315.0	985.0	15.25	6.68	0.17	0.52	1300.0	10:26:09.91
1686299170.936685	315.0	985.0	15.25	6.01	0.16	2.07	1300.0	10:26:10.92
1686299171.9415238	315.0	985.0	16.05	7.35	-1.6	-1.02	1300.0	10:26:11.92
1686299173.1783729	315.0	985.0	14.58	6.95	1.59	-0.08	1300.0	10:26:13.16
1686299174.1831007	315.0	985.0	15.25	7.75	0.09	-1.92	1300.0	10:26:14.16
1686299175.187465	315.0	985.0	15.52	6.82	-0.78	0.2	1300.0	10:26:15.16
1686299176.4300532	315.0	985.0	15.52	5.88	-0.91	2.38	1300.0	10:26:16.41
1686299177.4457738	315.0	985.0	14.18	5.88	1.89	2.37	1300.0	10:26:17.43
1686299178.4508598	315.0	985.0	14.32	7.22	1.46	-0.69	1300.0	10:26:18.43
1686299179.6872387	315.0	985.0	15.12	5.88	-0.3	2.39	1300.0	10:26:19.67
1686299180.6907816	315.0	985.0	15.38	6.42	-0.99	1.17	1300.0	10:26:20.67
1686299181.6957455	315.0	985.0	14.85	7.08	0.05	-0.39	1300.0	10:26:21.67
1686299183.9574234	315.0	985.0	15.25	7.08	-0.83	-0.4	1300.0	10:26:23.94
1686299184.9629047	315.0	985.0	14.58	6.68	0.55	0.54	1300.0	10:26:24.94
1686299186.2190728	315.0	985.0	14.72	7.08	0.23	-0.36	1300.0	10:26:26.20
1686299187.222796	315.0	985.0	14.72	6.15	0.19	1.78	1300.0	10:26:27.20
1686299188.227055	315.0	985.0	14.58	6.55	0.53	0.86	1300.0	10:26:28.21
1686299189.4654598	315.0	985.0	14.18	7.08	1.48	-0.42	1300.0	10:26:29.45
1686299190.46763	315.0	985.0	14.72	7.35	0.09	-0.87	1300.0	10:26:30.45
1686299192.7301042	315.0	985.0	15.52	6.55	-1.64	0.96	1300.0	10:26:32.71
1686299193.7357402	315.0	985.0	15.52	6.55	-1.69	0.99	1300.0	10:26:33.72
1686299194.7408168	315.0	985.0	14.58	7.49	0.52	-1.17	1300.0	10:26:34.72
1686299195.9760344	315.0	985.0	16.05	6.42	-2.46	1.1	1300.0	10:26:35.96
1686299196.9811797	315.0	985.0	14.98	6.68	0.07	0.35	1300.0	10:26:36.96
1686299197.9863334	315.0	985.0	13.38	6.95	3.5	-0.24	1300.0	10:26:37.96
1686299200.2267401	315.0	985.0	14.32	6.55	1.52	0.69	1300.0	10:26:40.21
1686299201.230883	315.0	985.0	14.98	6.95	0.26	-0.25	1300.0	10:26:41.21
1686299203.5092726	315.0	985.0	15.12	5.88	0.55	1.87	1300.0	10:26:43.49
1686299204.5147843	315.0	985.0	15.38	6.01	0.04	1.57	1300.0	10:26:44.49
1686299206.7443807	315.0	985.0	14.98	6.95	0.55	-0.56	1300.0	10:26:46.72
1686299207.7551825	314.86	985.0	15.38	6.68	-0.74	0.07	1299.8600000000001	10:26:47.74
1686299208.9967093	314.86	985.0	15.52	6.68	-1.03	0.07	1299.8600000000001	10:26:48.98
1686299210.0013094	314.86	984.99	15.25	6.42	-0.45	0.68	1299.85	10:26:49.98
1686299212.2417603	314.86	985.0	15.38	6.55	-0.74	0.38	1299.8600000000001	10:26:52.23
1686299213.251176	314.86	984.99	15.25	6.28	-0.45	0.99	1299.85	10:26:53.23
1686299214.256178	314.86	984.99	14.98	6.42	0.14	0.68	1299.85	10:26:54.23
1686299215.5069036	314.86	984.97	15.52	5.48	-1.03	2.83	1299.83	10:26:55.49
1686299216.511322	314.86	985.0	15.12	6.68	-0.16	0.07	1299.8600000000001	10:26:56.50
1686299218.7793343	314.86	984.99	15.12	6.42	-0.16	0.68	1299.85	10:26:58.76
1686299219.783469	314.86	985.0	15.12	6.55	-0.16	0.38	1299.8600000000001	10:26:59.76
1686299222.0464585	314.86	984.99	14.98	6.42	0.14	0.68	1299.85	10:27:02.02
1686299223.051393	314.86	985.0	15.92	6.82	-1.91	-0.24	1299.8600000000001	10:27:03.03
1686299224.0629861	314.85	985.0	14.58	6.55	1.01	0.38	1299.85	10:27:04.05
1686299226.3270774	314.86	984.99	15.38	6.42	-0.74	0.68	1299.85	10:27:06.31
1686299227.329714	314.86	985.0	15.12	6.55	-0.16	0.38	1299.8600000000001	10:27:07.31
1686299228.56896	314.86	984.99	14.72	6.15	0.72	1.3	1299.85	10:27:08.56
1686299235.0997639	314.86	985.02	15.38	7.49	-0.74	-1.77	1299.88	10:27:15.09
1686299236.1045086	314.86	985.01	16.05	7.08	-2.2	-0.85	1299.87	10:27:16.09
1686299237.1089284	314.85	985.0	14.58	6.82	1.01	-0.24	1299.85	10:27:17.09
1686299238.366476	314.86	985.0	15.12	6.68	-0.16	0.07	1299.8600000000001	10:27:18.35
1686299239.3710434	314.86	985.0	14.85	6.82	0.43	-0.24	1299.8600000000001	10:27:19.35
1686299240.3748102	314.86	985.0	15.52	6.55	-1.03	0.38	1299.8600000000001	10:27:20.36
1686299241.6327984	314.86	985.01	15.25	6.95	-0.45	-0.54	1299.87	10:27:21.62
1686299242.6368968	314.86	984.99	15.52	6.42	-1.03	0.68	1299.85	10:27:22.62
1686299243.6409416	314.86	985.01	15.12	7.08	-0.16	-0.85	1299.87	10:27:23.62
1686299245.9012158	314.86	985.0	15.65	6.68	-1.32	0.07	1299.8600000000001	10:27:25.88
1686299246.9053202	314.86	985.01	15.65	7.08	-1.32	-0.85	1299.87	10:27:26.89
1686299248.148062	314.86	985.0	15.25	6.68	-0.45	0.07	1299.8600000000001	10:27:28.13
1686299249.1519666	314.86	985.0	15.25	6.68	-0.45	0.07	1299.8600000000001	10:27:29.13
1686299250.1564946	314.86	985.0	15.38	6.68	-0.74	0.07	1299.8600000000001	10:27:30.13
1686299252.410474	314.86	985.01	15.25	7.08	-0.45	-0.85	1299.87	10:27:32.40
1686299253.4154036	314.85	985.0	14.58	6.82	1.01	-0.24	1299.85	10:27:33.40
1686299255.675995	314.86	985.0	15.65	6.55	-1.32	0.38	1299.8600000000001	10:27:35.66
1686299256.6811545	314.86	985.0	14.98	6.68	0.14	0.07	1299.8600000000001	10:27:36.66
1686299258.922632	314.86	985.03	14.72	7.75	0.72	-2.38	1299.8899999999999	10:27:38.91
1686299259.9273372	314.86	985.0	15.25	6.68	-0.45	0.07	1299.8600000000001	10:27:39.91
1686299261.1822426	314.86	985.01	15.38	7.08	-0.74	-0.85	1299.87	10:27:41.17
1686299262.187097	314.86	985.02	15.25	7.49	-0.45	-1.77	1299.88	10:27:42.17
1686299263.192605	314.86	985.03	15.92	7.75	-1.91	-2.38	1299.8899999999999	10:27:43.17
1686299264.4481738	314.86	985.01	15.38	7.08	-0.74	-0.85	1299.87	10:27:44.43
1686299265.4526823	314.86	985.02	15.25	7.35	-0.45	-1.46	1299.88	10:27:45.44
1686299266.4566958	314.86	985.01	15.78	7.08	-1.61	-0.85	1299.87	10:27:46.44
1686299268.7075717	314.86	985.02	15.25	7.35	-0.45	-1.46	1299.88	10:27:48.68
1686299269.718619	314.86	985.03	14.72	7.89	0.72	-2.69	1299.8899999999999	10:27:49.71
1686299271.9686103	314.86	985.02	15.38	7.35	-0.74	-1.46	1299.88	10:27:51.95
1686299275.2328842	314.86	985.0	15.38	6.68	-0.74	0.07	1299.8600000000001	10:27:55.21
1686299276.2383285	314.86	985.01	14.72	7.08	0.72	-0.85	1299.87	10:27:56.22
1686299278.4958684	314.86	985.01	15.38	6.95	-0.74	-0.54	1299.87	10:27:58.48
1686299279.500497	314.86	985.02	16.05	7.35	-2.2	-1.46	1299.88	10:27:59.48
1686299281.7795057	314.86	985.01	15.78	7.22	-1.61	-1.16	1299.87	10:28:01.76
1686299282.7846582	314.86	985.03	15.78	7.89	-1.61	-2.69	1299.8899999999999	10:28:02.77
1686299285.014663	314.86	985.01	15.52	7.08	-1.03	-0.85	1299.87	10:28:04.99
1686299286.0268908	314.86	985.01	15.52	7.22	-1.03	-1.16	1299.87	10:28:06.01
1686299287.291158	314.86	985.01	14.98	6.95	0.14	-0.54	1299.87	10:28:07.27
1686299288.2948644	314.86	985.0	15.52	6.68	-1.03	0.07	1299.8600000000001	10:28:08.28
1686299291.5598297	314.86	985.01	15.92	7.08	-1.91	-0.85	1299.87	10:28:11.54
1686299292.5649989	314.86	984.98	14.72	6.01	0.72	1.6	1299.8400000000001	10:28:12.54
1686299293.8176699	314.86	985.0	15.65	6.82	-1.32	-0.24	1299.8600000000001	10:28:13.80
1686299294.8220243	314.86	985.0	15.38	6.68	-0.74	0.07	1299.8600000000001	10:28:14.81
1686299295.8263268	314.86	985.03	15.52	7.89	-1.03	-2.69	1299.8899999999999	10:28:15.81
1686299298.0891998	314.86	985.02	15.52	7.35	-1.03	-1.46	1299.88	10:28:18.07
1686299299.093831	314.86	985.01	15.52	6.95	-1.03	-0.54	1299.87	10:28:19.07
1686299300.3499498	314.86	985.0	15.78	6.82	-1.61	-0.24	1299.8600000000001	10:28:20.34
1686299301.3548212	314.86	985.02	16.19	7.49	-2.49	-1.77	1299.88	10:28:21.34
1686299302.358943	314.86	985.0	15.52	6.82	-1.03	-0.24	1299.8600000000001	10:28:22.34
1686299303.6048315	314.86	985.0	15.38	6.82	-0.74	-0.24	1299.8600000000001	10:28:23.58
1686299304.616988	314.86	985.0	15.25	6.68	-0.45	0.07	1299.8600000000001	10:28:24.60
1686299305.6204715	314.86	985.01	15.38	7.22	-0.74	-1.16	1299.87	10:28:25.60
1686299306.8887236	314.86	985.02	14.98	7.35	0.14	-1.46	1299.88	10:28:26.87
1686299307.8932555	314.86	985.01	15.65	7.08	-1.32	-0.85	1299.87	10:28:27.87
1686299308.9054053	314.86	985.0	16.19	6.68	-2.49	0.07	1299.8600000000001	10:28:28.89
1686299310.1760056	314.86	985.01	14.98	7.08	0.14	-0.85	1299.87	10:28:30.15
1686299311.187349	314.86	985.0	15.38	6.82	-0.74	-0.24	1299.8600000000001	10:28:31.17
1686299312.192266	314.85	985.03	14.58	7.75	1.01	-2.38	1299.88	10:28:32.17
1686299314.4538984	314.86	985.03	15.38	7.89	-0.74	-2.69	1299.8899999999999	10:28:34.44
1686299315.4585807	314.86	985.03	15.25	7.89	-0.45	-2.69	1299.8899999999999	10:28:35.44
1686299316.7072666	314.85	985.01	14.58	6.95	1.01	-0.54	1299.8600000000001	10:28:36.68
1686299317.7187529	314.86	985.01	15.92	7.22	-1.91	-1.16	1299.87	10:28:37.70
1686299318.722997	314.86	985.0	15.38	6.82	-0.74	-0.24	1299.8600000000001	10:28:38.71
1686299319.9817996	314.86	985.01	15.52	7.08	-1.03	-0.85	1299.87	10:28:39.97
1686299320.9886267	605.0	695.0	15.78	7.62	-2.45	-1.64	1300.0	10:28:40.97
1686299321.9920635	605.0	695.0	13.38	7.35	-0.09	0.55	1300.0	10:28:41.97
1686299323.251195	605.0	695.0	11.78	8.55	-0.37	0.63	1300.0	10:28:43.23
1686299324.2551498	605.0	695.0	10.84	8.69	-1.34	2.58	1300.0	10:28:44.24
1686299325.259655	605.0	695.0	8.84	9.22	0.06	3.61	1300.0	10:28:45.24
1686299327.5416408	605.0	695.0	7.37	10.83	-1.79	3.8	1300.0	10:28:47.52
1686299328.5473065	605.0	695.0	6.04	10.83	0.88	4.12	1300.0	10:28:48.52
1686299329.8018813	605.0	695.0	6.97	11.76	-1.54	2.36	1300.0	10:28:49.78
1686299330.8072066	605.0	695.0	6.57	11.5	-1.01	3.5	1300.0	10:28:50.79
1686299331.8123343	605.0	695.0	5.64	12.03	0.89	2.74	1300.0	10:28:51.79
1686299333.0868623	605.0	695.0	5.64	11.36	0.83	4.82	1300.0	10:28:53.07
1686299334.0901988	605.0	695.0	5.64	11.5	0.97	4.83	1300.0	10:28:54.07
1686299336.3731406	605.0	695.0	6.3	13.23	-0.37	1.29	1300.0	10:28:56.36
1686299337.3775506	605.0	695.0	6.04	11.76	0.05	5.13	1300.0	10:28:57.36
1686299338.3827682	605.0	695.0	6.7	11.36	-1.41	6.33	1300.0	10:28:58.36
1686299340.6618414	605.0	695.0	6.17	12.03	-0.15	5.36	1300.0	10:29:00.64
1686299341.6662662	605.0	695.0	5.37	12.97	1.83	3.23	1300.0	10:29:01.65
1686299342.9047537	605.0	695.0	8.97	12.43	-5.92	4.43	1300.0	10:29:02.89
1686299343.908877	605.0	695.0	6.04	12.83	0.43	3.67	1300.0	10:29:03.89
1686299346.170057	605.0	695.0	6.44	12.56	-0.73	5.38	1300.0	10:29:06.15
1686299347.1753256	605.0	695.0	5.9	12.83	0.38	5.14	1300.0	10:29:07.15
1686299348.1812572	605.0	695.0	6.57	12.7	-0.83	5.43	1300.0	10:29:08.16
1686299349.4354908	605.0	695.0	7.37	13.1	-2.37	4.5	1300.0	10:29:09.42
1686299350.4392912	605.0	695.0	6.7	13.1	-0.96	4.6	1300.0	10:29:10.42
1686299351.4440622	605.0	695.0	6.97	13.1	-1.72	4.85	1300.0	10:29:11.42
1686299352.7012074	605.0	695.0	6.84	12.56	-1.69	6.56	1300.0	10:29:12.68
1686299353.7071714	605.0	695.0	6.17	13.23	0.12	5.06	1300.0	10:29:13.69
1686299354.7113507	605.0	695.0	6.57	13.23	-1.2	5.9	1300.0	10:29:14.69
1686299355.987272	605.0	695.0	6.7	14.3	-1.19	3.42	1300.0	10:29:15.97
1686299356.9922562	605.0	695.0	5.9	14.7	0.56	2.66	1300.0	10:29:16.97
1686299357.9975982	605.0	695.0	6.57	13.77	-1.16	5.21	1300.0	10:29:17.97
1686299359.2712038	605.0	695.0	6.3	13.5	-0.74	6.41	1300.0	10:29:19.25
1686299360.276652	605.0	695.0	5.9	15.1	0.39	2.95	1300.0	10:29:20.26
1686299361.2818754	605.0	695.0	6.04	14.84	0.51	3.58	1300.0	10:29:21.26
1686299362.5188549	605.0	695.0	6.17	13.9	0.35	5.73	1300.0	10:29:22.50
1686299363.5228467	605.0	695.0	6.57	14.7	-0.43	3.87	1300.0	10:29:23.50
1686299364.5278382	605.0	695.0	6.84	13.37	-1.21	7.16	1300.0	10:29:24.50
1686299365.7834547	605.0	695.0	6.97	13.23	-1.78	7.89	1300.0	10:29:25.77
1686299366.78912	605.0	695.0	6.57	14.84	-0.62	4.16	1300.0	10:29:26.77
1686299367.793326	605.0	695.0	6.17	14.03	0.36	6.01	1300.0	10:29:27.77
1686299370.0336733	605.0	695.0	6.44	15.24	0.13	3.23	1300.0	10:29:30.01
1686299371.0375667	605.0	695.0	6.3	14.03	0.46	5.97	1300.0	10:29:31.01
1686299373.284787	605.0	695.0	6.7	14.3	0.18	4.5	1300.0	10:29:33.26
1686299374.30046	605.0	695.0	7.24	14.17	-1.26	4.86	1300.0	10:29:34.28
1686299375.538653	605.0	695.0	7.37	12.7	-1.63	8.21	1300.0	10:29:35.52
1686299376.5448837	605.0	695.0	7.37	14.17	-1.74	4.82	1300.0	10:29:36.52
1686299377.5499532	605.0	695.0	7.24	13.37	-1.47	6.58	1300.0	10:29:37.53
1686299378.8049214	605.0	695.0	6.04	13.63	1.09	5.9	1300.0	10:29:38.79
1686299379.8096116	605.0	695.0	7.1	14.17	-1.81	5.29	1300.0	10:29:39.79
1686299380.8150835	605.0	695.0	6.3	14.3	0.13	5.02	1300.0	10:29:40.79
1686299383.073688	605.0	695.0	6.44	14.7	-1.02	6.11	1300.0	10:29:43.06
1686299384.0786393	605.0	695.0	6.44	14.17	-1.15	8.22	1300.0	10:29:44.06
1686299385.3230746	605.0	695.0	7.37	14.44	-2.24	7.56	1300.0	10:29:45.30
1686299386.3379622	605.0	695.0	7.77	14.17	-0.09	5.04	1300.0	10:29:46.32
1686299387.3434951	605.0	695.0	8.44	12.7	-1.34	6.82	1300.0	10:29:47.32
1686299388.5819623	605.0	695.0	7.51	14.17	-0.86	3.69	1300.0	10:29:48.56
1686299389.5861013	605.0	695.0	6.44	13.23	0.53	6.24	1300.0	10:29:49.57
1686299390.5909383	605.0	695.0	6.7	14.97	-0.39	2.36	1300.0	10:29:50.57
1686299391.846197	605.0	695.0	6.44	13.37	0.31	5.91	1300.0	10:29:51.83
1686299392.8511007	605.0	695.0	6.3	14.7	0.14	3.31	1300.0	10:29:52.83
1686299393.8564231	605.0	695.0	6.97	13.37	-0.86	5.84	1300.0	10:29:53.83
1686299396.0985334	605.0	695.0	7.64	12.3	-1.85	7.67	1300.0	10:29:56.08
1686299397.1026623	605.0	695.0	7.51	13.23	-1.11	4.66	1300.0	10:29:57.08
1686299400.3653958	605.0	695.0	5.77	13.23	2.7	3.24	1300.0	10:30:00.34
1686299401.609221	605.0	695.0	7.24	11.76	-1.02	6.59	1300.0	10:30:01.59
1686299402.625508	605.0	695.0	7.37	13.63	-1.44	2.3	1300.0	10:30:02.61
1686299404.8680255	605.0	695.0	5.9	12.97	1.31	3.85	1300.0	10:30:04.85
1686299405.8731754	605.0	695.0	6.7	12.83	0.17	3.62	1300.0	10:30:05.85
1686299406.8785667	605.0	695.0	6.84	11.36	-0.82	7.73	1300.0	10:30:06.85
1686299409.1373737	605.0	695.0	6.84	12.7	-0.75	4.69	1300.0	10:30:09.12
1686299410.1427305	605.0	695.0	6.57	12.03	-0.21	6.27	1300.0	10:30:10.12
1686299412.4021578	605.0	695.0	7.1	12.3	-1.53	6.09	1300.0	10:30:12.38
1686299413.4075103	605.0	695.0	6.7	12.7	-0.5	5.08	1300.0	10:30:13.39
1686299415.6528776	605.0	695.0	5.77	12.97	1.5	4.43	1300.0	10:30:15.63
1686299416.6572783	605.0	695.0	6.17	13.63	0.56	2.91	1300.0	10:30:16.63
1686299417.9117837	605.0	695.0	6.97	12.56	-1.13	5.41	1300.0	10:30:17.89
1686299418.916597	605.0	695.0	6.84	12.97	-0.72	4.42	1300.0	10:30:18.90
1686299419.922358	605.0	695.0	6.44	12.56	0.06	5.44	1300.0	10:30:19.90
1686299421.1774828	605.0	695.0	5.64	12.56	1.8	5.43	1300.0	10:30:21.16
1686299422.1828976	605.0	695.0	7.24	11.9	-1.67	6.91	1300.0	10:30:22.16
1686299423.1856608	605.0	695.0	6.84	11.9	-0.79	6.86	1300.0	10:30:23.16
1686299424.4436884	605.0	695.0	6.7	12.83	-0.12	4.25	1300.0	10:30:24.43
1686299425.4475427	605.0	695.0	7.24	11.9	-0.97	5.96	1300.0	10:30:25.43
1686299426.4508975	605.0	695.0	7.77	12.03	-2.22	5.57	1300.0	10:30:26.43
1686299428.6952367	605.0	695.0	7.37	12.43	-1.61	4.61	1300.0	10:30:28.67
1686299429.6992397	605.0	695.0	6.57	12.16	0.16	5.02	1300.0	10:30:29.67
1686299430.9545448	605.0	695.0	6.04	13.1	1.66	2.19	1300.0	10:30:30.94
1686299431.9582047	605.0	695.0	7.1	11.36	-0.77	6.07	1300.0	10:30:31.94
1686299432.962541	605.0	695.0	5.9	11.63	1.74	5.41	1300.0	10:30:32.94
1686299435.2298791	605.0	695.0	6.57	12.3	-0.04	3.84	1300.0	10:30:35.20
1686299436.2447882	605.0	695.0	6.97	12.03	-0.91	4.43	1300.0	10:30:36.23
1686299437.4856775	605.0	695.0	6.57	12.43	0.11	3.24	1300.0	10:30:37.47
1686299438.490733	605.0	695.0	7.24	11.09	-1.41	6.29	1300.0	10:30:38.47
1686299439.4952095	605.0	695.0	6.57	12.16	0.02	3.82	1300.0	10:30:39.47
1686299441.755174	605.0	695.0	7.1	11.5	-1.22	5.35	1300.0	10:30:41.74
1686299442.759808	605.0	695.0	7.37	11.9	-1.85	4.41	1300.0	10:30:42.74
1686299445.0214071	605.0	695.0	7.1	12.97	-1.03	1.59	1300.0	10:30:45.00
1686299446.0266263	605.0	695.0	6.04	11.9	1.27	4.03	1300.0	10:30:46.00
1686299449.2922876	605.0	695.0	6.17	11.63	0.9	4.59	1300.0	10:30:49.27
1686299450.5505068	605.0	695.0	6.04	11.63	1.11	4.68	1300.0	10:30:50.53
1686299451.5553515	605.0	695.0	6.7	11.76	-0.42	4.56	1300.0	10:30:51.53
1686299452.5706558	605.0	695.0	7.24	12.3	-1.44	3.24	1300.0	10:30:52.55
1686299454.8348427	605.0	695.0	5.9	11.9	1.52	4.13	1300.0	10:30:54.82
1686299455.8398507	605.0	695.0	6.7	11.5	-0.29	5.06	1300.0	10:30:55.82
1686299458.1032546	605.0	695.0	6.3	13.23	-1.02	1.99	1300.0	10:30:58.08
1686299459.107898	605.0	695.0	5.37	12.97	-0.23	3.56	1300.0	10:30:59.08
1686299460.3832052	605.0	695.0	5.5	13.37	-1.51	3.56	1300.0	10:31:00.37
1686299461.388216	605.0	695.0	4.83	14.17	-0.64	2.27	1300.0	10:31:01.37
1686299462.393446	605.0	695.0	2.97	14.3	3.22	2.41	1300.0	10:31:02.37
1686299463.6481013	605.0	695.0	4.3	14.17	0.33	3.19	1300.0	10:31:03.63
1686299464.6527984	605.0	695.0	4.43	14.17	0.06	3.55	1300.0	10:31:04.64
1686299465.6575894	605.0	695.0	4.3	14.44	0.38	3.2	1300.0	10:31:05.64
1686299466.9325645	605.0	695.0	4.3	16.44	0.38	-1.08	1300.0	10:31:06.92
1686299467.937288	604.77	695.0	4.3	13.77	0.38	5.06	1299.77	10:31:07.92
1686299468.9427924	604.78	695.01	4.7	14.17	-0.49	4.14	1299.79	10:31:08.92
1686299470.2011962	604.78	695.0	4.7	13.37	-0.49	5.98	1299.78	10:31:10.18
1686299471.206041	604.81	695.0	4.43	13.77	0.12	5.06	1299.81	10:31:11.19
1686299472.2100794	604.82	694.99	5.24	13.1	-1.63	6.59	1299.81	10:31:12.19
1686299473.4819849	604.82	695.0	5.37	13.23	-1.92	6.29	1299.8200000000002	10:31:13.47
1686299474.486118	604.81	695.0	4.43	13.63	0.12	5.37	1299.81	10:31:14.47
1686299475.4910562	604.82	695.0	4.97	13.23	-1.05	6.29	1299.8200000000002	10:31:15.47
1686299477.753165	604.81	694.99	4.57	12.97	-0.17	6.9	1299.8	10:31:17.74
1686299478.757933	604.81	695.0	4.43	13.37	0.12	5.98	1299.81	10:31:18.74
1686299481.0250316	604.85	695.01	5.24	14.3	-1.6	3.83	1299.8600000000001	10:31:21.00
1686299482.0378225	604.83	695.0	4.17	13.37	0.73	5.98	1299.83	10:31:22.02
1686299483.3083482	604.85	694.98	5.24	12.3	-1.6	8.43	1299.83	10:31:23.29
1686299484.312811	604.84	695.0	4.57	13.63	-0.14	5.37	1299.8400000000001	10:31:24.29
1686299485.3245733	605.03	694.78	4.83	12.97	-0.55	6.69	1299.81	10:31:25.31
1686299487.5880518	607.27	692.69	5.64	12.83	-0.06	4.9	1299.96	10:31:27.57
1686299488.5931525	607.27	692.86	5.5	13.9	0.23	2.6	1300.13	10:31:28.57
1686299490.8535655	608.59	691.35	6.97	11.9	-1.68	5.71	1299.94	10:31:30.84
1686299491.8577337	608.59	691.36	6.44	12.7	-0.51	3.87	1299.95	10:31:31.84
1686299494.124307	608.58	691.35	6.17	12.03	0.07	5.41	1299.93	10:31:34.10
1686299495.1272037	608.57	691.35	5.5	11.76	1.53	6.02	1299.92	10:31:35.10
1686299496.399546	608.58	691.36	5.9	12.56	0.66	4.18	1299.94	10:31:36.39
1686299497.4046378	608.56	691.36	5.1	12.16	2.41	5.1	1299.92	10:31:37.39
1686299498.4095342	608.57	691.35	5.64	11.5	1.24	6.63	1299.92	10:31:38.39
1686299499.6710782	608.59	691.32	6.7	12.03	-1.1	5.37	1299.91	10:31:39.65
1686299500.6753407	608.59	691.39	6.57	12.56	-0.8	4.21	1299.98	10:31:40.65
1686299501.6791508	608.59	691.34	6.57	13.37	-0.8	2.31	1299.93	10:31:41.66
1686299502.9510758	608.62	691.34	6.7	13.37	-1.07	2.31	1299.96	10:31:42.94
1686299503.9557083	608.61	691.28	6.3	11.36	-0.19	6.88	1299.8899999999999	10:31:43.94
1686299504.9607575	608.62	691.29	6.44	11.76	-0.48	5.96	1299.9099999999999	10:31:44.94
1686299506.2175303	608.62	691.29	6.57	12.03	-0.77	5.34	1299.9099999999999	10:31:46.20
1686299507.2222433	608.63	691.33	7.1	12.7	-1.94	3.84	1299.96	10:31:47.20
1686299508.2270763	608.62	691.34	6.57	13.23	-0.77	2.61	1299.96	10:31:48.21
1686299510.51082	608.6	691.31	5.64	12.97	1.27	3.19	1299.9099999999999	10:31:50.49
1686299511.5152762	608.61	691.31	5.77	13.1	0.98	2.89	1299.92	10:31:51.49
1686299512.7873456	608.62	691.34	6.84	13.1	-1.36	2.92	1299.96	10:31:52.77
1686299513.790281	608.62	691.34	6.44	12.83	-0.48	3.53	1299.96	10:31:53.78
1686299514.7944765	608.61	691.34	6.17	13.1	0.1	2.92	1299.95	10:31:54.78
1686299516.0578578	608.62	691.33	6.57	12.7	-0.77	3.84	1299.95	10:31:56.04
1686299517.062678	608.63	691.34	7.1	12.97	-1.94	3.22	1299.97	10:31:57.04
1686299520.3433545	608.68	691.26	6.7	11.9	-1.0	5.62	1299.94	10:32:00.33
1686299521.3489482	608.67	691.27	6.3	12.16	-0.13	5.0	1299.94	10:32:01.33
1686299522.6240754	608.68	691.26	6.44	11.63	-0.42	6.23	1299.94	10:32:02.61
1686299523.6288183	608.67	691.28	6.17	12.83	0.16	3.47	1299.9499999999998	10:32:03.61
1686299524.6337893	608.68	691.27	6.84	12.3	-1.3	4.7	1299.9499999999998	10:32:04.61
1686299525.9006572	608.68	691.32	6.44	14.03	-0.42	0.74	1300.0	10:32:05.88
1686299526.912363	608.66	691.28	5.5	13.23	1.62	2.55	1299.94	10:32:06.90
1686299527.9158306	608.67	691.26	5.9	11.76	0.75	5.92	1299.9299999999998	10:32:07.90
1686299529.1755395	608.68	691.32	6.44	13.5	-0.42	1.97	1300.0	10:32:09.16
1686299530.1803744	608.69	691.28	7.1	12.97	-1.88	3.16	1299.97	10:32:10.16
1686299531.1854742	608.67	691.26	6.04	11.9	0.45	5.62	1299.9299999999998	10:32:11.17
1686299532.4811707	608.66	691.26	5.5	11.9	1.62	5.62	1299.92	10:32:12.47
1686299533.4857159	609.25	690.66	6.7	11.76	-0.43	5.32	1299.9099999999999	10:32:13.47
1686299534.4907348	609.5	690.42	7.1	11.9	-1.06	4.77	1299.92	10:32:14.47
1686299535.751497	609.68	690.26	6.7	11.5	-0.01	5.53	1299.94	10:32:15.73
1686299536.756908	608.94	690.99	5.9	11.63	1.02	5.95	1299.93	10:32:16.73
1686299539.0316792	607.67	692.63	5.64	14.97	0.33	-0.12	1300.3	10:32:19.02
1686299540.0359652	606.63	693.26	5.24	12.16	0.17	6.97	1299.8899999999999	10:32:20.02
1686299541.040297	608.55	691.36	6.3	12.3	-0.26	4.75	1299.9099999999999	10:32:21.02
1686299543.3087592	608.54	691.36	5.77	12.16	0.91	5.06	1299.9	10:32:23.29
1686299545.583758	608.54	691.36	5.5	12.43	1.49	4.44	1299.9	10:32:25.57
1686299546.5888302	608.55	691.41	6.04	13.77	0.32	1.41	1299.96	10:32:26.57
1686299547.5934095	608.55	691.36	6.3	12.16	-0.26	5.06	1299.9099999999999	10:32:27.57
1686299548.8561168	608.55	691.35	6.3	12.03	-0.26	5.36	1299.9	10:32:28.83
1686299549.8607593	608.55	691.37	6.3	13.1	-0.26	2.91	1299.92	10:32:29.84
1686299550.8733654	608.56	691.36	6.44	12.16	-0.55	5.06	1299.92	10:32:30.86
1686299553.138909	608.55	691.44	6.3	13.77	-0.26	1.43	1299.99	10:32:33.12
1686299554.1440637	608.55	691.56	6.04	13.63	0.32	1.86	1300.11	10:32:34.12
1686299555.4189117	608.56	691.49	6.7	13.23	-1.14	2.72	1300.05	10:32:35.41
1686299556.4235737	608.56	691.36	6.7	12.16	-1.14	5.05	1299.92	10:32:36.41
1686299557.4285483	608.55	691.35	6.04	11.63	0.32	6.28	1299.9	10:32:37.41
1686299558.7121263	608.56	691.32	6.7	11.5	-1.14	6.55	1299.88	10:32:38.69
1686299559.7173386	608.56	691.34	6.44	12.83	-0.55	3.49	1299.9	10:32:39.69
1686299560.729389	608.55	691.33	6.3	12.16	-0.26	5.02	1299.88	10:32:40.72
1686299561.9953358	608.55	691.32	6.04	12.03	0.32	5.33	1299.87	10:32:41.98
1686299562.999194	608.56	691.33	6.84	12.3	-1.43	4.71	1299.8899999999999	10:32:42.98
1686299564.0040262	608.55	691.32	6.3	12.03	-0.26	5.33	1299.87	10:32:43.98
1686299565.2836945	608.56	691.33	6.44	12.16	-0.55	5.02	1299.8899999999999	10:32:45.26
1686299566.2863777	608.55	691.32	5.9	12.03	0.61	5.33	1299.87	10:32:46.27
1686299568.5713596	608.54	691.32	5.24	12.03	2.07	5.33	1299.8600000000001	10:32:48.55
1686299569.575632	608.55	691.33	6.17	12.16	0.03	5.02	1299.88	10:32:49.55
1686299570.5867763	608.56	691.32	6.44	11.9	-0.55	5.63	1299.88	10:32:50.57
1686299571.8583002	608.55	691.33	6.04	12.7	0.32	3.79	1299.88	10:32:51.83
1686299572.8703692	608.56	691.33	6.84	12.56	-1.43	4.1	1299.8899999999999	10:32:52.86
1686299573.875057	608.54	691.31	5.5	11.36	1.49	6.86	1299.85	10:32:53.86
1686299576.1439543	608.56	691.33	6.57	12.43	-0.84	4.41	1299.8899999999999	10:32:56.12
1686299577.1493187	616.56	683.44	5.24	13.37	2.07	2.27	1300.0	10:32:57.12
1686299579.4424846	609.21	690.67	5.77	12.56	-0.8	5.97	1299.88	10:32:59.43
1686299580.447055	609.21	690.67	5.9	12.43	-1.09	6.28	1299.88	10:33:00.43
1686299582.7350972	609.2	690.67	5.24	12.83	0.37	5.36	1299.87	10:33:02.71
1686299583.7391357	609.21	690.67	5.9	12.7	-1.09	5.67	1299.88	10:33:03.72
1686299585.030832	609.21	690.66	5.77	12.3	-0.8	6.59	1299.87	10:33:05.02
1686299586.0351346	609.2	690.68	5.5	13.1	-0.21	4.75	1299.88	10:33:06.02
1686299587.039375	609.22	690.67	6.17	12.7	-1.67	5.67	1299.8899999999999	10:33:07.02
1686299589.3199165	609.19	690.67	4.83	12.43	1.24	6.28	1299.8600000000001	10:33:09.30
1686299590.3239706	609.19	690.66	4.57	12.16	1.83	6.89	1299.85	10:33:10.31
1686299592.6083012	597.19	702.81	5.37	11.5	0.1	8.41	1300.0	10:33:12.59
1686299593.6123886	597.19	702.81	6.04	12.3	-0.49	4.74	1300.0	10:33:13.59
1686299594.8922749	597.19	702.81	5.9	10.69	2.41	4.57	1300.0	10:33:14.87
1686299595.8972142	597.19	702.81	8.04	11.23	-0.0	0.33	1300.0	10:33:15.88
1686299596.9028935	597.19	702.81	9.24	9.62	-0.38	1.03	1300.0	10:33:16.88
1686299599.1853535	597.19	702.81	11.24	6.68	0.36	1.17	1300.0	10:33:19.16
1686299600.2003314	597.19	702.81	12.31	5.88	0.32	0.68	1300.0	10:33:20.18
1686299601.4657602	597.19	702.81	13.78	5.88	-0.04	-1.28	1300.0	10:33:21.44
1686299602.4712346	597.19	702.81	14.85	4.41	-0.12	0.82	1300.0	10:33:22.45
1686299603.4842005	597.19	702.81	17.12	5.08	-2.82	-1.58	1300.0	10:33:23.47
1686299604.77	597.19	702.81	17.39	4.95	-0.51	-1.9	1300.0	10:33:24.75
1686299605.774934	597.19	702.81	18.32	4.81	-0.3	-1.72	1300.0	10:33:25.75
1686299606.7792754	597.19	702.81	19.52	4.41	-0.7	-0.81	1300.0	10:33:26.75
1686299609.0586092	597.19	702.81	20.99	6.15	-1.87	-2.69	1300.0	10:33:29.04
1686299610.0627275	597.19	702.81	21.66	6.55	-1.6	-3.26	1300.0	10:33:30.04
1686299611.3385537	597.19	702.81	22.46	6.42	-1.56	-2.49	1300.0	10:33:31.32
1686299612.3434682	597.19	702.81	20.59	5.35	-1.6	0.13	1300.0	10:33:32.32
1686299613.3484228	597.14	702.79	20.73	6.15	-1.64	-2.35	1299.9299999999998	10:33:33.32
1686299615.6238205	597.15	702.77	21.39	4.81	-1.64	0.71	1299.92	10:33:35.61
1686299616.628336	597.13	702.78	19.92	5.21	-0.6	-0.21	1299.9099999999999	10:33:36.61
1686299617.9052851	597.15	702.78	21.39	5.61	-1.64	-1.13	1299.9299999999998	10:33:37.89
1686299618.9099705	597.14	702.78	20.86	5.21	-1.64	-0.21	1299.92	10:33:38.89
1686299619.9149537	596.68	703.28	19.39	6.42	0.12	-2.48	1299.96	10:33:39.90
1686299621.1779504	596.68	703.28	19.66	6.15	-0.46	-1.87	1299.96	10:33:41.16
1686299622.1823847	596.65	703.31	19.79	6.28	-0.79	-2.14	1299.96	10:33:42.16
1686299623.1946843	596.65	703.3	19.39	6.01	0.09	-1.53	1299.9499999999998	10:33:43.18
1686299624.4563751	596.65	703.27	19.66	5.88	-0.5	-1.25	1299.92	10:33:44.44
1686299625.4612942	596.58	703.39	18.59	5.75	1.78	-0.82	1299.97	10:33:45.44
1686299626.4654546	595.65	704.31	19.12	6.28	-0.33	-1.14	1299.96	10:33:46.45
1686299627.7413714	594.37	705.56	18.46	7.08	-0.14	-1.74	1299.9299999999998	10:33:47.73
1686299628.7463336	594.37	705.54	18.59	6.15	-0.43	0.41	1299.9099999999999	10:33:48.73
1686299629.7505841	594.37	705.55	18.32	6.55	0.15	-0.51	1299.92	10:33:49.73
1686299633.0508301	594.37	705.58	18.05	6.42	0.74	-0.17	1299.95	10:33:53.04
1686299634.3193328	594.37	705.55	18.86	6.82	-1.01	-1.12	1299.92	10:33:54.30
1686299635.324317	594.38	705.58	18.99	6.55	-1.31	-0.48	1299.96	10:33:55.30
1686299636.3359056	594.37	705.55	18.86	6.68	-1.01	-0.81	1299.92	10:33:56.32
1686299638.6063652	594.37	705.55	18.86	6.68	-1.01	-0.81	1299.92	10:33:58.59
1686299639.611612	594.38	705.54	18.99	6.28	-1.31	0.11	1299.92	10:33:59.59
1686299640.8847373	594.37	705.54	18.19	6.15	0.44	0.41	1299.9099999999999	10:34:00.87
1686299641.8891356	594.37	705.55	18.05	6.68	0.74	-0.81	1299.92	10:34:01.87
1686299642.8928342	594.37	705.53	18.46	7.22	-0.14	-2.07	1299.9	10:34:02.87
1686299644.171689	594.38	705.51	18.99	6.28	-1.31	0.08	1299.8899999999999	10:34:04.15
1686299645.1756055	594.37	705.52	18.86	6.42	-1.01	-0.23	1299.8899999999999	10:34:05.16
1686299646.1808808	594.38	705.52	18.99	6.68	-1.31	-0.84	1299.9	10:34:06.16
1686299648.4611335	594.37	705.53	18.59	7.08	-0.43	-1.76	1299.9	10:34:08.44
1686299649.466246	594.38	705.52	19.26	6.55	-1.89	-0.54	1299.9	10:34:09.44
1686299650.7430425	597.19	702.81	18.19	6.01	0.15	0.41	1300.0	10:34:10.73
1686299651.7474942	597.19	702.81	17.79	6.68	-1.5	-2.79	1300.0	10:34:11.73
1686299652.752531	597.19	702.81	17.12	6.01	-3.05	-2.55	1300.0	10:34:12.73
1686299654.0469878	597.19	702.81	14.32	4.95	-0.83	-1.36	1300.0	10:34:14.03
1686299655.051454	597.19	702.81	13.78	4.95	-2.67	-2.01	1300.0	10:34:15.03
1686299656.056749	597.19	702.81	10.84	4.81	0.78	-1.88	1300.0	10:34:16.03
1686299657.3199925	597.19	702.81	9.78	3.88	-0.68	0.26	1300.0	10:34:17.30
1686299658.3361726	597.19	702.81	8.17	4.68	-0.24	-1.58	1300.0	10:34:18.32
1686299659.3409603	597.19	702.81	6.17	4.81	1.39	-1.88	1300.0	10:34:19.32
1686299660.602926	597.19	702.81	5.64	4.54	0.15	-1.27	1300.0	10:34:20.58
1686299661.6081347	597.19	702.81	4.83	4.81	0.75	-1.88	1300.0	10:34:21.58
1686299662.621054	597.19	702.81	6.3	4.68	-3.19	-1.58	1300.0	10:34:22.61
1686299664.892219	594.32	705.49	5.1	5.21	-0.81	-2.8	1299.81	10:34:24.87
1686299665.9047337	594.31	705.5	4.7	5.61	0.07	-3.72	1299.81	10:34:25.89
1686299668.1759772	594.29	705.48	3.9	4.41	1.82	-0.96	1299.77	10:34:28.15
1686299669.1811578	594.3	705.49	4.43	4.95	0.65	-2.19	1299.79	10:34:29.16
1686299670.4709694	599.3	700.7	4.43	4.41	0.65	-0.96	1300.0	10:34:30.46
1686299671.4777405	599.3	700.7	4.3	4.81	0.94	-1.19	1300.0	10:34:31.46
1686299672.4829779	599.3	700.7	4.03	5.61	1.52	-1.26	1300.0	10:34:32.46
1686299673.7583473	599.3	700.7	4.97	7.75	-0.52	-3.28	1300.0	10:34:33.74
1686299674.7622726	599.3	700.7	4.83	8.42	-0.24	-2.56	1300.0	10:34:34.75
1686299675.766943	599.3	700.7	3.9	9.22	1.8	-2.14	1300.0	10:34:35.75
1686299677.0518768	599.3	700.7	4.97	9.49	-0.55	0.13	1300.0	10:34:37.03
1686299678.056316	599.3	700.7	4.97	9.62	-0.55	2.05	1300.0	10:34:38.03
1686299679.0683434	599.3	700.7	5.1	10.69	-0.84	1.9	1300.0	10:34:39.05
1686299680.368941	599.3	700.7	4.57	11.76	0.32	2.38	1300.0	10:34:40.35
1686299682.376352	599.3	700.7	4.43	14.17	1.2	0.74	1300.0	10:34:42.36
1686299684.6589217	599.3	700.7	4.97	13.5	0.2	7.2	1300.0	10:34:44.64
1686299685.664185	599.3	700.7	5.37	14.97	-0.07	5.21	1300.0	10:34:45.64
1686299687.950847	599.3	700.7	4.7	14.97	1.83	7.1	1300.0	10:34:47.93
1686299688.9543624	599.21	700.66	5.24	14.57	0.12	8.1	1299.87	10:34:48.93
1686299690.2447762	599.2	700.68	4.7	15.51	1.28	5.95	1299.88	10:34:50.23
1686299691.247115	599.22	700.67	6.04	15.24	-1.63	6.57	1299.8899999999999	10:34:51.23
1686299692.2514014	599.22	700.68	5.64	15.64	-0.76	5.65	1299.9	10:34:52.23
1686299694.5349405	599.2	700.68	4.57	15.77	1.58	5.34	1299.88	10:34:54.52
1686299695.5386019	599.21	700.68	5.1	15.91	0.41	5.03	1299.8899999999999	10:34:55.52
1686299697.841988	599.21	700.68	5.24	15.51	0.12	5.95	1299.8899999999999	10:34:57.82
1686299698.8472912	599.21	700.69	4.97	16.31	0.7	4.11	1299.9	10:34:58.83
1686299702.1487396	599.21	700.68	5.24	15.64	0.12	5.65	1299.8899999999999	10:35:02.13
1686299704.4516597	599.21	700.68	5.24	15.51	0.12	5.95	1299.8899999999999	10:35:04.43
1686299706.741871	599.21	700.67	5.24	15.24	0.12	6.57	1299.88	10:35:06.72
1686299707.7541611	599.2	700.67	4.7	15.24	1.28	6.57	1299.87	10:35:07.74
1686299708.7593076	599.22	700.68	5.77	15.51	-1.05	5.95	1299.9	10:35:08.74
1686299711.0413034	599.21	700.67	4.97	15.24	0.7	6.57	1299.88	10:35:11.03
1686299712.0463698	599.21	700.68	5.5	15.51	-0.47	5.95	1299.8899999999999	10:35:12.03
1686299713.3233366	599.21	700.68	5.1	15.77	0.41	5.34	1299.8899999999999	10:35:13.31
1686299714.327454	599.22	700.68	5.64	15.64	-0.76	5.65	1299.9	10:35:14.31
1686299715.3310835	599.21	700.68	5.24	15.77	0.12	5.34	1299.8899999999999	10:35:15.31
1686299718.621432	600.34	699.58	5.77	16.71	0.07	2.07	1299.92	10:35:18.60
1686299719.912487	600.33	699.62	5.24	15.64	1.24	4.58	1299.95	10:35:19.90
1686299721.921367	600.34	699.56	5.77	15.64	0.07	4.52	1299.9	10:35:21.90
1686299725.2058253	600.33	699.6	5.5	16.44	0.65	2.71	1299.93	10:35:25.19
1686299727.5100656	600.34	699.59	5.9	15.24	-0.22	5.47	1299.93	10:35:27.49
1686299728.5151966	600.34	699.59	5.77	15.24	0.07	5.47	1299.93	10:35:28.49
1686299730.8012419	600.34	699.55	5.9	15.1	-0.22	5.75	1299.8899999999999	10:35:30.78
1686299731.8054094	600.34	699.57	5.9	16.04	-0.22	3.6	1299.91	10:35:31.78
1686299734.1003568	600.34	699.55	5.9	14.97	-0.22	6.06	1299.8899999999999	10:35:34.08
1686299735.1051767	600.34	699.55	5.9	15.1	-0.22	5.75	1299.8899999999999	10:35:35.09
1686299737.405374	600.33	699.56	5.64	15.24	0.36	5.44	1299.8899999999999	10:35:37.39
1686299738.40743	600.32	699.56	4.97	15.51	1.82	4.83	1299.88	10:35:38.39
1686299740.69263	600.34	699.56	6.17	15.37	-0.81	5.14	1299.9	10:35:40.67
1686299741.6959503	600.32	699.56	4.83	15.37	2.11	5.14	1299.88	10:35:41.68
1686299743.9968057	600.32	699.55	4.83	15.1	2.11	5.75	1299.87	10:35:43.98
1686299745.0014536	600.34	699.55	5.9	14.7	-0.22	6.67	1299.8899999999999	10:35:44.98
1686299746.2888803	600.32	699.55	5.1	15.1	1.53	5.75	1299.87	10:35:46.27
1686299747.3003943	600.34	699.57	6.17	16.04	-0.81	3.6	1299.91	10:35:47.29
1686299748.305064	600.35	699.57	6.44	16.04	-1.39	3.6	1299.92	10:35:48.29
1686299750.6173	600.32	699.56	4.83	15.24	2.11	5.44	1299.88	10:35:50.59
1686299751.6289928	600.35	699.55	6.44	14.97	-1.39	6.06	1299.9	10:35:51.61
1686299752.9287698	600.32	699.55	5.1	14.97	1.53	6.06	1299.87	10:35:52.92
1686299753.9334695	600.32	699.55	4.83	14.97	2.11	6.06	1299.87	10:35:53.92
1686299756.2550242	600.33	699.55	5.64	15.1	0.36	5.75	1299.88	10:35:56.24
1686299757.2595756	600.34	699.56	6.17	15.51	-0.81	4.83	1299.9	10:35:57.24
1686299758.264557	600.34	699.55	5.77	14.84	0.07	6.36	1299.8899999999999	10:35:58.25
1686299759.5469909	600.34	699.55	5.9	14.97	-0.22	6.06	1299.8899999999999	10:35:59.53
1686299760.550844	600.34	699.56	5.9	15.37	-0.22	5.14	1299.9	10:36:00.53
1686299761.5551848	600.34	699.57	6.3	16.04	-1.1	3.6	1299.91	10:36:01.53
1686299762.8458202	600.32	699.55	4.83	14.84	2.11	6.36	1299.87	10:36:02.83
1686299763.8507009	600.33	699.55	5.5	14.7	0.65	6.67	1299.88	10:36:03.83
1686299764.855009	600.34	699.55	6.04	15.1	-0.51	5.75	1299.8899999999999	10:36:04.84
1686299766.1397126	600.33	699.55	5.5	14.97	0.65	6.06	1299.88	10:36:06.12
1686299767.143438	600.34	699.56	5.9	15.24	-0.22	5.44	1299.9	10:36:07.12
1686299768.147325	600.33	699.55	5.24	14.97	1.24	6.06	1299.88	10:36:08.12
1686299769.4372509	600.33	699.55	5.64	14.84	0.36	6.36	1299.88	10:36:09.42
1686299770.4421268	600.34	699.56	5.9	15.24	-0.22	5.44	1299.9	10:36:10.43
1686299771.4467573	600.32	699.56	5.1	15.24	1.53	5.44	1299.88	10:36:11.43
1686299773.764769	600.34	699.55	6.04	14.84	-0.51	6.36	1299.8899999999999	10:36:13.75
1686299774.769605	600.33	699.56	5.64	15.64	0.36	4.52	1299.8899999999999	10:36:14.75
1686299776.0498774	600.32	699.55	4.97	14.7	1.82	6.67	1299.87	10:36:16.03
1686299777.0546396	600.34	699.55	6.04	15.1	-0.51	5.75	1299.8899999999999	10:36:17.04
1686299778.0588932	600.33	699.55	5.64	14.57	0.36	6.98	1299.88	10:36:18.04
1686299780.357141	605.0	695.0	5.77	14.97	-0.0	-0.31	1300.0	10:36:20.34
1686299781.360576	604.99	694.99	5.1	14.3	1.46	1.23	1299.98	10:36:21.34
1686299783.663126	604.99	695.01	5.1	15.51	1.46	-1.53	1300.0	10:36:23.65
1686299784.6669524	605.0	695.0	5.64	14.57	0.29	0.61	1300.0	10:36:24.65
1686299786.9750752	605.0	695.0	5.77	14.84	-0.0	-0.0	1300.0	10:36:26.95
1686299787.978536	605.0	695.01	6.04	15.51	-0.58	-1.53	1300.01	10:36:27.95
1686299790.2931519	605.01	695.01	6.17	15.24	-0.88	-0.92	1300.02	10:36:30.28
1686299791.2982855	604.99	695.01	5.24	15.37	1.17	-1.23	1300.0	10:36:31.28
1686299792.5943732	605.0	695.01	5.9	15.24	-0.29	-0.92	1300.01	10:36:32.58
1686299793.5993564	604.98	695.01	4.83	15.24	2.04	-0.92	1299.99	10:36:33.58
1686299794.6026309	605.0	695.02	5.77	16.04	-0.0	-2.76	1300.02	10:36:34.58
1686299795.9192517	604.99	695.01	4.97	15.51	1.75	-1.53	1300.0	10:36:35.91
1686299796.924105	605.0	695.01	5.5	15.51	0.58	-1.53	1300.01	10:36:36.91
1686299797.9289389	605.0	695.01	5.5	15.91	0.58	-2.45	1300.01	10:36:37.91
1686299799.2254748	605.01	695.01	6.3	15.91	-1.17	-2.45	1300.02	10:36:39.21
1686299801.234027	604.99	695.0	5.1	14.84	1.46	-0.0	1299.99	10:36:41.22
1686299803.5363846	605.0	695.0	5.77	14.84	-0.0	-0.0	1300.0	10:36:43.52
1686299804.5407531	604.99	695.0	5.24	15.1	1.17	-0.61	1299.99	10:36:44.52
1686299805.8391438	605.01	695.0	6.17	14.97	-0.88	-0.31	1300.01	10:36:45.82
1686299806.8438025	605.0	695.01	5.64	15.24	0.29	-0.92	1300.01	10:36:46.83
1686299807.848748	604.99	695.0	4.97	14.57	1.75	0.61	1299.99	10:36:47.83
1686299809.1472714	605.0	695.0	5.5	14.84	0.58	-0.0	1300.0	10:36:49.13
1686299810.151802	605.0	695.0	5.77	14.84	-0.0	-0.0	1300.0	10:36:50.13
1686299811.1557484	604.98	694.99	4.83	14.3	2.04	1.23	1299.97	10:36:51.13
1686299812.452429	605.0	695.01	5.9	15.24	-0.29	-0.92	1300.01	10:36:52.43
1686299813.4559855	605.0	695.0	5.77	14.84	-0.0	-0.0	1300.0	10:36:53.44
1686299815.7561107	605.0	695.0	5.64	15.1	0.29	-0.61	1300.0	10:36:55.74
1686299816.7612798	604.99	695.0	5.37	14.7	0.88	0.31	1299.99	10:36:56.74
1686299817.7665114	605.0	695.0	6.04	14.57	-0.58	0.61	1300.0	10:36:57.74
1686299819.0977464	605.01	695.0	6.17	15.1	-0.88	-0.61	1300.01	10:36:59.08
1686299820.101807	605.01	695.0	6.44	14.97	-1.46	-0.31	1300.01	10:37:00.09
