LinuxTime	Length2	Length4	Tension2	Tension4	TargetLength2	TargetLength4	ErrLength2	ErrLength4	LengthTot	DayTime
1687764937.9248424	576.8	722.94	7.1	15.24	0.0	0.0	0.32	1.22	1299.74	09:35:37.91
1687764938.928783	576.79	722.94	6.44	15.37	0.0	0.0	1.78	0.91	1299.73	09:35:38.91
1687764939.934127	576.79	722.94	6.57	15.1	0.0	0.0	1.48	1.52	1299.73	09:35:39.91
1687764940.9389062	576.8	722.95	7.24	15.77	0.0	0.0	0.02	-0.01	1299.75	09:35:40.92
1687764942.0915098	576.79	722.93	6.3	14.97	0.0	0.0	2.07	1.83	1299.7199999999998	09:35:42.08
1687764943.0960867	576.8	722.95	6.97	16.04	0.0	0.0	0.61	-0.62	1299.75	09:35:43.08
1687764944.099465	576.79	722.94	6.17	15.37	0.0	0.0	2.36	0.91	1299.73	09:35:44.08
1687764946.3694909	576.8	722.94	6.84	15.24	0.0	0.0	0.9	1.22	1299.74	09:35:46.34
1687764947.3842418	576.79	722.93	6.7	14.97	0.0	0.0	1.19	1.83	1299.7199999999998	09:35:47.37
1687764948.6016328	576.81	722.94	7.51	15.51	0.0	0.0	-0.56	0.6	1299.75	09:35:48.59
1687764949.6064677	576.8	722.94	6.97	15.37	0.0	0.0	0.61	0.91	1299.74	09:35:49.59
1687764950.6115308	576.8	722.93	6.97	14.97	0.0	0.0	0.61	1.83	1299.73	09:35:50.59
1687764951.8168528	576.8	722.94	6.97	15.24	0.0	0.0	0.61	1.22	1299.74	09:35:51.80
1687764952.821517	576.79	722.95	6.3	16.31	0.0	0.0	2.07	-1.24	1299.74	09:35:52.80
1687764953.8334556	576.8	722.94	7.24	15.1	0.0	0.0	0.02	1.52	1299.74	09:35:53.82
1687764956.038097	576.8	722.94	6.97	15.64	0.0	0.0	0.61	0.3	1299.74	09:35:56.02
1687764957.0416167	576.79	722.95	6.57	15.77	0.0	0.0	1.48	-0.01	1299.74	09:35:57.02
1687764960.2469046	576.79	722.94	6.7	15.1	0.0	0.0	1.19	1.52	1299.73	09:36:00.23
1687764962.4672327	576.79	722.94	6.57	15.24	0.0	0.0	1.48	1.22	1299.73	09:36:02.45
1687764963.472358	576.8	722.94	7.1	15.37	0.0	0.0	0.32	0.91	1299.74	09:36:03.46
1687764965.6746979	576.8	722.93	7.1	14.84	0.0	0.0	0.32	2.14	1299.73	09:36:05.66
1687764966.6799881	576.81	722.94	7.51	15.37	0.0	0.0	-0.56	0.91	1299.75	09:36:06.66
1687764967.8760812	576.8	722.94	6.84	15.1	0.0	0.0	0.9	1.52	1299.74	09:36:07.86
1687764968.880555	576.8	722.94	6.97	15.24	0.0	0.0	0.61	1.22	1299.74	09:36:08.86
1687764969.8845127	576.8	722.93	7.37	14.84	0.0	0.0	-0.27	2.14	1299.73	09:36:09.87
1687764972.0906637	576.98	722.79	7.1	15.1	0.0	0.0	0.5	1.37	1299.77	09:36:12.07
1687764973.0958095	576.98	722.78	7.1	14.97	0.0	0.0	0.5	1.68	1299.76	09:36:13.07
1687764974.3054643	576.97	722.79	6.7	15.24	0.0	0.0	1.37	1.06	1299.76	09:36:14.29
1687764975.3104067	576.98	722.78	7.37	14.57	0.0	0.0	-0.09	2.6	1299.76	09:36:15.29
1687764977.5316193	576.97	722.79	6.3	15.24	0.0	0.0	2.25	1.06	1299.76	09:36:17.52
1687764978.5364857	577.17	722.66	7.64	15.1	0.0	0.0	-0.49	1.25	1299.83	09:36:18.52
1687764979.5407166	577.15	722.66	6.17	14.57	0.0	0.0	2.72	2.47	1299.81	09:36:19.52
1687764980.7572572	577.15	722.67	6.57	15.51	0.0	0.0	1.85	0.33	1299.82	09:36:20.74
1687764981.762154	577.16	722.66	7.1	14.44	0.0	0.0	0.68	2.78	1299.82	09:36:21.75
1687764982.7672813	577.16	722.65	6.84	14.03	0.0	0.0	1.26	3.7	1299.81	09:36:22.75
1687764984.9748845	577.17	722.6	7.37	14.57	0.0	0.0	0.09	2.41	1299.77	09:36:24.95
1687764985.9871275	577.15	722.58	6.17	15.64	0.0	0.0	2.72	-0.07	1299.73	09:36:25.97
1687764987.1902382	577.17	722.56	7.37	14.44	0.0	0.0	0.09	2.69	1299.73	09:36:27.18
1687764988.1938548	577.15	722.57	6.57	14.57	0.0	0.0	1.85	2.38	1299.72	09:36:28.18
1687764989.1982303	577.16	722.57	7.1	14.84	0.0	0.0	0.68	1.77	1299.73	09:36:29.18
1687764990.4024656	577.16	722.57	7.1	14.7	0.0	0.0	0.68	2.08	1299.73	09:36:30.38
1687764991.406218	577.16	722.57	7.1	14.97	0.0	0.0	0.68	1.46	1299.73	09:36:31.38
1687764992.417942	577.16	722.57	7.24	14.57	0.0	0.0	0.39	2.38	1299.73	09:36:32.40
1687764994.6217623	577.16	722.57	7.24	14.97	0.0	0.0	0.39	1.46	1299.73	09:36:34.61
1687764995.6263905	577.15	722.57	6.57	14.7	0.0	0.0	1.85	2.08	1299.72	09:36:35.61
1687764996.8243837	577.16	722.57	6.97	14.97	0.0	0.0	0.97	1.46	1299.73	09:36:36.81
1687764998.832054	577.15	722.57	6.44	14.7	0.0	0.0	2.14	2.08	1299.72	09:36:38.81
1687765000.0314274	577.16	722.56	6.97	14.3	0.0	0.0	0.97	3.0	1299.7199999999998	09:36:40.02
1687765002.038559	577.59	722.17	7.37	14.3	0.0	0.0	0.52	2.6	1299.76	09:36:42.02
1687765003.2554743	578.47	721.36	7.51	14.44	0.0	0.0	1.1	1.48	1299.83	09:36:43.24
1687765004.2598145	578.46	721.35	7.1	14.17	0.0	0.0	1.97	2.09	1299.81	09:36:44.24
1687765005.2647293	578.46	721.37	7.1	15.1	0.0	0.0	1.97	-0.06	1299.83	09:36:45.25
1687765007.4654975	578.47	721.36	7.91	14.97	0.0	0.0	0.22	0.25	1299.83	09:36:47.45
1687765008.4706438	578.47	721.36	7.91	14.57	0.0	0.0	0.22	1.17	1299.83	09:36:48.45
1687765010.688955	578.47	721.36	7.51	14.57	0.0	0.0	1.1	1.17	1299.83	09:36:50.67
1687765011.6926694	578.46	721.35	7.24	14.03	0.0	0.0	1.68	2.4	1299.81	09:36:51.68
1687765012.8949122	578.42	721.36	6.57	14.84	0.0	0.0	3.11	0.56	1299.78	09:36:52.88
1687765013.9001944	578.4	721.36	7.37	14.57	0.0	0.0	1.33	1.17	1299.76	09:36:53.88
1687765014.9023206	578.37	721.36	6.97	14.44	0.0	0.0	2.17	1.48	1299.73	09:36:54.88
1687765016.1164265	578.38	721.36	7.64	14.84	0.0	0.0	0.71	0.56	1299.74	09:36:56.10
1687765018.124828	578.36	721.35	6.7	14.3	0.0	0.0	2.76	1.78	1299.71	09:36:58.11
1687765019.330741	578.37	721.36	6.97	14.57	0.0	0.0	2.17	1.17	1299.73	09:36:59.31
1687765020.3336797	578.38	721.37	7.51	15.37	0.0	0.0	1.0	-0.67	1299.75	09:37:00.31
1687765021.3452072	578.37	721.36	7.1	14.7	0.0	0.0	1.88	0.86	1299.73	09:37:01.33
1687765024.5713606	578.37	721.35	7.24	14.3	0.0	0.0	1.59	1.78	1299.72	09:37:04.56
1687765026.7963922	578.38	721.36	7.64	14.7	0.0	0.0	0.71	0.86	1299.74	09:37:06.78
1687765027.8031733	578.36	721.36	6.57	14.97	605.0	695.0	2.05	0.8	1299.72	09:37:07.78
1687765029.0096998	580.09	719.64	6.84	14.84	605.0	695.0	0.42	1.52	1299.73	09:37:08.99
1687765030.0136144	582.25	717.49	6.17	14.44	605.0	695.0	2.0	2.54	1299.74	09:37:09.99
1687765031.0299652	584.98	714.81	6.84	14.57	605.0	695.0	1.23	1.84	1299.79	09:37:11.01
1687765032.234638	587.09	712.67	6.84	14.84	605.0	695.0	0.74	1.78	1299.76	09:37:12.21
1687765033.2387357	588.95	710.86	7.51	15.37	605.0	695.0	-1.05	0.99	1299.81	09:37:13.21
1687765034.2544007	591.2	708.57	6.7	15.51	605.0	695.0	0.79	0.67	1299.77	09:37:14.23
1687765036.4771636	597.21	702.54	6.57	14.3	605.0	695.0	1.76	2.41	1299.75	09:37:16.46
1687765037.4819174	599.66	700.1	7.37	14.17	605.0	695.0	-0.03	2.51	1299.76	09:37:17.46
1687765039.7064338	604.61	695.15	7.1	14.57	605.0	695.0	0.1	0.89	1299.76	09:37:19.68
1687765040.7096252	605.12	694.63	6.97	14.44	0.0	0.0	0.59	0.76	1299.75	09:37:20.69
1687765042.9256628	605.11	694.63	6.3	14.17	0.0	0.0	2.05	1.37	1299.74	09:37:22.91
1687765043.930685	605.12	694.64	6.84	15.1	0.0	0.0	0.89	-0.77	1299.76	09:37:23.91
1687765045.1459365	605.11	694.63	6.44	14.44	0.0	0.0	1.76	0.76	1299.74	09:37:25.13
1687765046.1509326	605.12	694.63	6.7	14.44	0.0	0.0	1.18	0.76	1299.75	09:37:26.13
1687765047.1555312	605.12	694.63	6.97	14.3	0.0	0.0	0.59	1.07	1299.75	09:37:27.14
1687765049.394079	605.13	694.64	7.51	14.7	0.0	0.0	-0.57	0.15	1299.77	09:37:29.38
1687765050.3986437	605.12	694.62	6.7	13.77	0.0	0.0	1.18	2.29	1299.74	09:37:30.38
1687765052.6215959	605.12	694.63	6.57	14.3	0.0	0.0	1.47	1.07	1299.75	09:37:32.61
1687765053.626467	605.12	694.64	6.57	14.57	0.0	0.0	1.47	0.45	1299.76	09:37:33.61
1687765054.842075	605.12	694.63	6.7	14.03	0.0	0.0	1.18	1.68	1299.75	09:37:34.83
1687765055.8469596	605.11	694.63	6.3	14.17	0.0	0.0	2.05	1.37	1299.74	09:37:35.83
1687765056.852271	605.12	694.63	6.97	14.03	0.0	0.0	0.59	1.68	1299.75	09:37:36.83
1687765059.0743957	605.13	694.64	7.37	14.57	0.0	0.0	-0.28	0.45	1299.77	09:37:39.06
1687765062.3065524	605.12	694.62	6.97	13.77	0.0	0.0	0.59	2.29	1299.74	09:37:42.28
1687765063.3171852	605.11	694.64	6.04	14.57	0.0	0.0	2.64	0.45	1299.75	09:37:43.30
1687765065.5238492	605.13	694.64	7.37	14.84	0.0	0.0	-0.28	-0.16	1299.77	09:37:45.51
1687765067.7307038	605.11	694.64	5.9	14.57	0.0	0.0	2.93	0.45	1299.75	09:37:47.71
1687765068.7346358	605.12	694.63	6.84	14.44	0.0	0.0	0.89	0.76	1299.75	09:37:48.71
1687765069.7388928	605.11	694.64	5.9	14.57	0.0	0.0	2.93	0.45	1299.75	09:37:49.71
1687765070.9485812	605.12	694.64	6.57	14.84	0.0	0.0	1.47	-0.16	1299.76	09:37:50.94
1687765071.9529545	605.11	694.63	6.3	14.17	0.0	0.0	2.05	1.37	1299.74	09:37:51.94
1687765072.957971	605.12	694.64	6.57	14.57	0.0	0.0	1.47	0.45	1299.76	09:37:52.94
1687765075.1789966	605.11	694.64	6.17	14.7	0.0	0.0	2.35	0.15	1299.75	09:37:55.16
1687765076.1840186	605.12	694.64	6.57	14.57	0.0	0.0	1.47	0.45	1299.76	09:37:56.16
1687765077.3872662	605.11	694.64	6.17	14.97	0.0	0.0	2.35	-0.47	1299.75	09:37:57.37
1687765078.3916128	605.12	694.64	6.84	14.84	0.0	0.0	0.89	-0.16	1299.76	09:37:58.37
1687765079.4047291	605.12	694.65	7.1	15.24	0.0	0.0	0.3	-1.08	1299.77	09:37:59.39
1687765080.6060057	605.12	694.64	6.57	14.7	0.0	0.0	1.47	0.15	1299.76	09:38:00.59
1687765081.6106982	605.11	694.64	6.04	14.84	0.0	0.0	2.64	-0.16	1299.75	09:38:01.59
1687765082.614903	605.12	694.63	6.84	13.9	0.0	0.0	0.89	1.99	1299.75	09:38:02.60
1687765083.8310928	605.11	694.63	6.3	14.03	0.0	0.0	2.05	1.68	1299.74	09:38:03.82
1687765084.8365495	605.12	694.64	7.1	14.97	0.0	0.0	0.3	-0.47	1299.76	09:38:04.82
1687765085.8419352	605.13	694.64	7.51	14.7	0.0	0.0	-0.57	0.15	1299.77	09:38:05.82
1687765087.0558136	605.11	694.65	6.04	15.51	0.0	0.0	2.64	-1.69	1299.76	09:38:07.04
1687765088.0596397	605.12	694.63	6.84	14.44	0.0	0.0	0.89	0.76	1299.75	09:38:08.04
1687765089.0639975	605.11	694.64	5.9	14.84	0.0	0.0	2.93	-0.16	1299.75	09:38:09.05
1687765090.271778	605.13	694.63	7.37	14.03	0.0	0.0	-0.28	1.68	1299.76	09:38:10.25
1687765091.2757814	605.12	694.64	7.1	14.57	0.0	0.0	0.3	0.45	1299.76	09:38:11.25
1687765092.2881408	605.13	694.64	7.37	14.97	0.0	0.0	-0.28	-0.47	1299.77	09:38:12.27
1687765094.4949007	605.12	694.63	7.1	14.44	0.0	0.0	0.3	0.76	1299.75	09:38:14.48
1687765095.499681	605.12	694.65	6.7	15.24	0.0	0.0	1.18	-1.08	1299.77	09:38:15.48
1687765097.71852	605.12	694.64	6.57	14.84	0.0	0.0	1.47	-0.16	1299.76	09:38:17.70
1687765098.7240367	605.12	694.63	6.84	14.44	0.0	0.0	0.89	0.76	1299.75	09:38:18.70
1687765100.9627438	605.12	694.64	6.7	14.84	0.0	0.0	1.18	-0.16	1299.76	09:38:20.95
1687765101.968048	605.11	694.63	5.9	14.44	0.0	0.0	2.93	0.76	1299.74	09:38:21.95
1687765104.185523	605.12	694.64	6.7	14.57	0.0	0.0	1.18	0.45	1299.76	09:38:24.17
1687765105.1901538	605.11	694.63	6.04	14.3	0.0	0.0	2.64	1.07	1299.74	09:38:25.17
1687765106.4083672	605.11	694.65	5.9	15.37	0.0	0.0	2.93	-1.39	1299.76	09:38:26.40
1687765109.633965	605.12	694.63	6.97	14.44	0.0	0.0	0.59	0.76	1299.75	09:38:29.62
1687765110.6385689	605.12	694.64	7.1	14.57	0.0	0.0	0.3	0.45	1299.76	09:38:30.62
1687765111.6435814	605.12	694.63	6.7	14.3	0.0	0.0	1.18	1.07	1299.75	09:38:31.62
1687765113.8647044	605.12	694.63	6.7	14.3	0.0	0.0	1.18	1.07	1299.75	09:38:33.85
1687765114.8698697	605.1	694.64	5.77	14.57	0.0	0.0	3.22	0.45	1299.74	09:38:34.85
1687765116.0878513	605.12	694.65	6.57	15.24	0.0	0.0	1.47	-1.08	1299.77	09:38:36.07
1687765117.0925996	605.11	694.63	6.44	14.44	0.0	0.0	1.76	0.76	1299.74	09:38:37.07
1687765118.0977752	605.12	694.63	6.97	14.03	0.0	0.0	0.59	1.68	1299.75	09:38:38.08
1687765120.3213723	605.12	694.63	6.84	14.44	0.0	0.0	0.89	0.76	1299.75	09:38:40.30
1687765121.325616	605.11	694.65	6.17	15.24	0.0	0.0	2.35	-1.08	1299.76	09:38:41.30
1687765123.548147	605.12	694.63	6.7	14.3	0.0	0.0	1.18	1.07	1299.75	09:38:43.52
1687765124.5611372	605.12	694.63	6.84	14.3	0.0	0.0	0.89	1.07	1299.75	09:38:44.55
1687765126.789294	605.12	694.63	6.57	14.44	0.0	0.0	1.47	0.76	1299.75	09:38:46.77
1687765129.0135562	605.11	694.62	6.44	13.5	0.0	0.0	1.76	2.91	1299.73	09:38:48.99
1687765130.0187492	605.13	694.64	7.24	14.84	0.0	0.0	0.01	-0.16	1299.77	09:38:50.00
1687765131.0229406	605.12	694.63	7.1	14.3	0.0	0.0	0.3	1.07	1299.75	09:38:51.00
1687765133.2581198	605.12	694.62	6.84	13.63	0.0	0.0	0.89	2.6	1299.74	09:38:53.24
1687765134.2621384	605.13	694.63	7.37	14.44	0.0	0.0	-0.28	0.76	1299.76	09:38:54.24
1687765135.483509	605.12	694.63	6.7	14.3	0.0	0.0	1.18	1.07	1299.75	09:38:55.47
1687765136.4884427	605.12	694.62	6.84	13.5	0.0	0.0	0.89	2.91	1299.74	09:38:56.47
1687765137.4925013	605.1	694.62	5.77	13.63	0.0	0.0	3.22	2.6	1299.72	09:38:57.47
1687765138.7153752	605.12	694.63	6.7	14.03	0.0	0.0	1.18	1.68	1299.75	09:38:58.69
1687765139.7264824	605.12	694.63	6.7	14.03	0.0	0.0	1.18	1.68	1299.75	09:38:59.71
1687765140.7313876	605.11	694.63	6.04	13.9	0.0	0.0	2.64	1.99	1299.74	09:39:00.71
1687765142.95673	605.11	694.63	6.44	14.17	0.0	0.0	1.76	1.37	1299.74	09:39:02.94
1687765143.9613109	605.12	694.63	7.1	14.03	0.0	0.0	0.3	1.68	1299.75	09:39:03.94
1687765146.1971903	605.12	694.63	7.1	14.03	0.0	0.0	0.3	1.68	1299.75	09:39:06.18
1687765147.2020845	605.12	694.64	6.84	14.57	0.0	0.0	0.89	0.45	1299.76	09:39:07.19
1687765148.4467633	605.12	694.63	7.1	14.44	0.0	0.0	0.3	0.76	1299.75	09:39:08.43
1687765149.4520638	605.12	694.63	6.84	14.17	0.0	0.0	0.89	1.37	1299.75	09:39:09.43
1687765152.6923623	605.12	694.63	6.97	14.3	0.0	0.0	0.59	1.07	1299.75	09:39:12.67
1687765153.6974027	605.11	694.64	6.44	14.97	0.0	0.0	1.76	-0.47	1299.75	09:39:13.68
1687765155.9355152	605.13	694.63	7.24	14.03	0.0	0.0	0.01	1.68	1299.76	09:39:15.92
1687765156.940733	605.11	694.63	6.17	14.03	0.0	0.0	2.35	1.68	1299.74	09:39:16.92
1687765158.182325	605.12	694.63	6.57	14.03	0.0	0.0	1.47	1.68	1299.75	09:39:18.16
1687765159.1858695	605.11	694.64	6.17	14.97	0.0	0.0	2.35	-0.47	1299.75	09:39:19.16
1687765161.4212534	605.12	694.63	6.97	14.17	0.0	0.0	0.59	1.37	1299.75	09:39:21.41
1687765162.4266546	605.13	694.63	7.37	14.17	0.0	0.0	-0.28	1.37	1299.76	09:39:22.41
1687765163.431994	605.12	694.62	6.57	13.77	0.0	0.0	1.47	2.29	1299.74	09:39:23.41
1687765165.6711726	605.12	694.63	6.57	14.3	0.0	0.0	1.47	1.07	1299.75	09:39:25.66
1687765166.676043	605.12	694.63	7.1	14.3	0.0	0.0	0.3	1.07	1299.75	09:39:26.66
1687765167.9016411	605.12	694.63	6.97	14.17	0.0	0.0	0.59	1.37	1299.75	09:39:27.88
1687765168.9065533	605.12	694.63	7.1	14.3	0.0	0.0	0.3	1.07	1299.75	09:39:28.88
1687765169.9183788	605.12	694.62	6.57	13.63	0.0	0.0	1.47	2.6	1299.74	09:39:29.90
1687765171.1627526	605.11	694.63	6.04	14.03	0.0	0.0	2.64	1.68	1299.74	09:39:31.14
1687765172.166911	605.12	694.63	6.84	14.17	0.0	0.0	0.89	1.37	1299.75	09:39:32.15
1687765173.1709294	605.12	694.63	6.84	13.9	0.0	0.0	0.89	1.99	1299.75	09:39:33.15
1687765175.4165845	605.12	694.63	6.57	14.17	0.0	0.0	1.47	1.37	1299.75	09:39:35.39
1687765176.4287486	605.12	694.63	6.84	14.03	0.0	0.0	0.89	1.68	1299.75	09:39:36.41
1687765178.6620104	605.13	694.63	7.24	14.17	0.0	0.0	0.01	1.37	1299.76	09:39:38.64
1687765179.6732438	605.11	694.63	6.3	14.3	0.0	0.0	2.05	1.07	1299.74	09:39:39.66
1687765180.903855	605.1	694.63	5.77	14.17	0.0	0.0	3.22	1.37	1299.73	09:39:40.88
1687765181.9083006	605.12	694.63	6.84	14.03	0.0	0.0	0.89	1.68	1299.75	09:39:41.88
1687765182.918923	605.12	694.63	7.1	14.03	0.0	0.0	0.3	1.68	1299.75	09:39:42.90
1687765184.159265	605.12	694.63	6.57	14.17	0.0	0.0	1.47	1.37	1299.75	09:39:44.15
1687765185.1639748	605.12	694.63	7.1	14.17	0.0	0.0	0.3	1.37	1299.75	09:39:45.15
1687765186.1687336	605.12	694.63	6.84	14.3	0.0	0.0	0.89	1.07	1299.75	09:39:46.15
1687765189.399446	605.11	694.63	5.9	13.9	0.0	0.0	2.93	1.99	1299.74	09:39:49.38
1687765190.6306365	605.11	694.63	6.17	14.17	0.0	0.0	2.35	1.37	1299.74	09:39:50.62
1687765191.6342034	605.12	694.63	6.84	14.03	0.0	0.0	0.89	1.68	1299.75	09:39:51.62
1687765192.6377387	605.11	694.62	6.44	13.37	0.0	0.0	1.76	3.21	1299.73	09:39:52.62
1687765194.8610482	605.11	694.63	6.17	13.9	0.0	0.0	2.35	1.99	1299.74	09:39:54.84
1687765197.1018202	605.12	694.63	6.7	14.3	0.0	0.0	1.18	1.07	1299.75	09:39:57.09
1687765198.104448	605.12	694.62	6.84	13.5	0.0	0.0	0.89	2.91	1299.74	09:39:58.09
1687765200.3365326	605.11	694.63	6.17	13.9	0.0	0.0	2.35	1.99	1299.74	09:40:00.31
1687765201.3406036	605.11	694.62	6.44	13.37	0.0	0.0	1.76	3.21	1299.73	09:40:01.32
1687765202.351869	605.12	694.63	6.84	13.9	0.0	0.0	0.89	1.99	1299.75	09:40:02.34
1687765204.5771255	605.12	694.62	6.7	13.77	0.0	0.0	1.18	2.29	1299.74	09:40:04.56
1687765205.5819848	605.12	694.63	6.84	14.17	0.0	0.0	0.89	1.37	1299.75	09:40:05.56
1687765207.8203566	605.11	694.63	6.44	14.3	0.0	0.0	1.76	1.07	1299.74	09:40:07.81
1687765208.8252485	605.12	694.64	6.84	14.57	0.0	0.0	0.89	0.45	1299.76	09:40:08.81
1687765211.0472403	605.12	694.63	6.84	14.17	0.0	0.0	0.89	1.37	1299.75	09:40:11.03
1687765212.0525095	605.13	694.63	7.51	14.17	0.0	0.0	-0.57	1.37	1299.76	09:40:12.03
1687765213.2754643	605.13	694.63	7.37	14.44	0.0	0.0	-0.28	0.76	1299.76	09:40:13.26
1687765214.2789927	605.13	694.63	7.37	14.17	0.0	0.0	-0.28	1.37	1299.76	09:40:14.26
1687765217.519258	605.13	694.63	7.37	14.17	0.0	0.0	-0.28	1.37	1299.76	09:40:17.50
1687765218.5217698	605.12	694.64	6.57	14.57	0.0	0.0	1.47	0.45	1299.76	09:40:18.50
1687765219.751945	605.11	694.64	5.9	14.97	0.0	0.0	2.93	-0.47	1299.75	09:40:19.73
1687765220.7630742	605.12	694.63	6.7	14.03	0.0	0.0	1.18	1.68	1299.75	09:40:20.75
1687765221.768108	605.11	694.63	6.3	14.17	0.0	0.0	2.05	1.37	1299.74	09:40:21.75
1687765223.0051847	605.11	694.63	5.9	13.9	0.0	0.0	2.93	1.99	1299.74	09:40:22.99
1687765224.010032	605.12	694.63	6.57	13.9	0.0	0.0	1.47	1.99	1299.75	09:40:23.99
1687765225.0141869	605.11	694.63	6.17	14.17	0.0	0.0	2.35	1.37	1299.74	09:40:25.00
1687765227.2558398	605.12	694.63	6.84	14.17	0.0	0.0	0.89	1.37	1299.75	09:40:27.24
1687765228.261072	605.12	694.64	6.57	14.84	0.0	0.0	1.47	-0.16	1299.76	09:40:28.24
1687765230.5015762	605.12	694.63	6.84	14.44	0.0	0.0	0.89	0.76	1299.75	09:40:30.48
1687765231.5065167	605.12	694.64	6.7	14.57	0.0	0.0	1.18	0.45	1299.76	09:40:31.49
1687765232.7431011	605.12	694.63	6.84	14.3	0.0	0.0	0.89	1.07	1299.75	09:40:32.73
1687765233.7479436	605.12	694.63	6.57	14.44	0.0	0.0	1.47	0.76	1299.75	09:40:33.73
1687765235.9874225	605.13	694.63	7.37	13.9	0.0	0.0	-0.28	1.99	1299.76	09:40:35.97
1687765236.9926834	605.12	694.63	6.57	14.3	0.0	0.0	1.47	1.07	1299.75	09:40:36.98
1687765237.9967582	605.12	694.63	6.84	14.03	0.0	0.0	0.89	1.68	1299.75	09:40:37.98
1687765239.232208	605.11	694.64	6.3	14.84	0.0	0.0	2.05	-0.16	1299.75	09:40:39.22
1687765240.2368746	605.11	694.63	6.3	14.03	0.0	0.0	2.05	1.68	1299.74	09:40:40.22
1687765241.2420475	605.12	694.63	6.57	14.44	0.0	0.0	1.47	0.76	1299.75	09:40:41.22
1687765242.4684086	605.12	694.64	6.57	14.97	0.0	0.0	1.47	-0.47	1299.76	09:40:42.44
1687765243.4810128	605.12	694.63	6.57	14.3	0.0	0.0	1.47	1.07	1299.75	09:40:43.47
1687765244.4860451	605.12	694.63	6.57	14.17	0.0	0.0	1.47	1.37	1299.75	09:40:44.47
1687765245.7106216	605.11	694.64	6.44	14.97	0.0	0.0	1.76	-0.47	1299.75	09:40:45.69
1687765246.7149258	605.12	694.63	7.1	14.03	0.0	0.0	0.3	1.68	1299.75	09:40:46.69
1687765247.7267914	605.13	694.63	7.51	13.9	0.0	0.0	-0.57	1.99	1299.76	09:40:47.71
1687765248.9714558	605.12	694.62	6.84	13.37	0.0	0.0	0.89	3.21	1299.74	09:40:48.95
1687765249.9751108	605.11	694.63	6.3	14.3	0.0	0.0	2.05	1.07	1299.74	09:40:49.96
1687765250.9791281	605.12	694.63	6.7	13.9	0.0	0.0	1.18	1.99	1299.75	09:40:50.96
1687765252.2149184	605.12	694.64	6.84	14.57	0.0	0.0	0.89	0.45	1299.76	09:40:52.20
1687765254.222095	605.12	694.63	6.7	14.3	0.0	0.0	1.18	1.07	1299.75	09:40:54.20
1687765256.463364	605.12	694.63	6.57	13.9	0.0	0.0	1.47	1.99	1299.75	09:40:56.45
1687765257.4680364	605.13	694.63	7.24	14.44	0.0	0.0	0.01	0.76	1299.76	09:40:57.45
1687765258.7078252	605.11	694.63	6.44	14.17	0.0	0.0	1.76	1.37	1299.74	09:40:58.69
1687765260.7162833	605.12	694.63	6.57	14.17	0.0	0.0	1.47	1.37	1299.75	09:41:00.69
1687765262.9637198	605.12	694.62	6.7	13.37	0.0	0.0	1.18	3.21	1299.74	09:41:02.94
1687765263.9759822	605.12	694.63	6.84	14.03	0.0	0.0	0.89	1.68	1299.75	09:41:03.96
1687765265.2026699	605.12	694.63	6.7	14.17	0.0	0.0	1.18	1.37	1299.75	09:41:05.18
1687765267.2105174	605.12	694.63	6.57	14.03	0.0	0.0	1.47	1.68	1299.75	09:41:07.19
1687765268.446856	605.12	694.62	6.97	13.37	0.0	0.0	0.59	3.21	1299.74	09:41:08.43
1687765269.4513364	605.12	694.62	7.1	13.63	0.0	0.0	0.3	2.6	1299.74	09:41:09.43
1687765270.4558065	605.12	694.62	6.57	13.23	0.0	0.0	1.47	3.52	1299.74	09:41:10.43
1687765272.6964092	605.12	694.63	6.57	14.3	0.0	0.0	1.47	1.07	1299.75	09:41:12.67
1687765273.7017171	605.12	694.62	6.7	13.37	0.0	0.0	1.18	3.21	1299.74	09:41:13.68
1687765274.9541066	605.11	694.63	6.17	13.9	0.0	0.0	2.35	1.99	1299.74	09:41:14.94
1687765275.9589126	605.12	694.63	7.1	14.17	0.0	0.0	0.3	1.37	1299.75	09:41:15.94
1687765276.975899	605.12	694.63	6.84	14.44	0.0	0.0	0.89	0.76	1299.75	09:41:16.96
1687765279.2053354	605.12	694.63	6.57	14.17	0.0	0.0	1.47	1.37	1299.75	09:41:19.18
1687765280.21073	605.11	694.63	6.3	13.9	0.0	0.0	2.05	1.99	1299.74	09:41:20.19
1687765282.4542491	605.12	694.63	6.97	14.44	0.0	0.0	0.59	0.76	1299.75	09:41:22.43
1687765283.466326	605.12	694.62	6.57	13.37	0.0	0.0	1.47	3.21	1299.74	09:41:23.45
1687765285.709769	605.12	694.62	6.57	13.37	0.0	0.0	1.47	3.21	1299.74	09:41:25.70
1687765286.7148733	605.11	694.63	6.3	14.44	0.0	0.0	2.05	0.76	1299.74	09:41:26.70
1687765287.955252	605.11	694.63	6.04	14.03	0.0	0.0	2.64	1.68	1299.74	09:41:27.94
1687765288.958664	605.12	694.62	6.7	13.77	0.0	0.0	1.18	2.29	1299.74	09:41:28.94
1687765289.9626133	605.12	694.64	6.97	14.84	0.0	0.0	0.59	-0.16	1299.76	09:41:29.94
1687765292.2203908	605.12	694.63	6.97	13.9	0.0	0.0	0.59	1.99	1299.75	09:41:32.21
1687765293.2252839	605.13	694.63	7.24	14.44	0.0	0.0	0.01	0.76	1299.76	09:41:33.21
1687765296.4724407	605.11	694.63	6.3	14.17	0.0	0.0	2.05	1.37	1299.74	09:41:36.45
1687765297.7282832	605.12	694.63	6.84	14.17	0.0	0.0	0.89	1.37	1299.75	09:41:37.71
1687765299.735066	605.11	694.63	6.17	13.9	0.0	0.0	2.35	1.99	1299.74	09:41:39.72
1687765301.999247	605.12	694.63	6.84	14.03	0.0	0.0	0.89	1.68	1299.75	09:41:41.98
1687765305.2625842	605.11	694.63	6.17	14.3	0.0	0.0	2.35	1.07	1299.74	09:41:45.25
1687765306.2683954	605.12	694.62	6.97	13.77	0.0	0.0	0.59	2.29	1299.74	09:41:46.25
1687765307.505495	605.11	694.63	6.44	14.17	0.0	0.0	1.76	1.37	1299.74	09:41:47.49
1687765308.5097342	605.11	694.64	6.17	14.57	0.0	0.0	2.35	0.45	1299.75	09:41:48.49
1687765309.5140817	605.11	694.64	6.44	14.97	0.0	0.0	1.76	-0.47	1299.75	09:41:49.50
1687765311.7644334	605.12	694.63	6.97	14.03	0.0	0.0	0.59	1.68	1299.75	09:41:51.74
1687765312.776569	605.13	694.63	7.24	14.3	0.0	0.0	0.01	1.07	1299.76	09:41:52.76
1687765315.0293007	605.12	694.63	6.97	14.17	0.0	0.0	0.59	1.37	1299.75	09:41:55.00
1687765316.0416698	605.12	694.63	6.57	14.03	0.0	0.0	1.47	1.68	1299.75	09:41:56.03
1687765318.2866728	605.12	694.64	6.57	14.57	0.0	0.0	1.47	0.45	1299.76	09:41:58.27
1687765319.2915752	605.12	694.63	6.7	14.3	0.0	0.0	1.18	1.07	1299.75	09:41:59.27
1687765320.5467463	605.12	694.64	6.57	14.7	0.0	0.0	1.47	0.15	1299.76	09:42:00.53
1687765321.5509303	605.12	694.63	6.84	13.9	0.0	0.0	0.89	1.99	1299.75	09:42:01.54
1687765323.817405	605.11	694.63	6.17	13.9	0.0	0.0	2.35	1.99	1299.74	09:42:03.80
1687765325.8253381	605.12	694.63	7.1	14.3	0.0	0.0	0.3	1.07	1299.75	09:42:05.80
1687765328.0849805	605.12	694.63	6.7	14.3	0.0	0.0	1.18	1.07	1299.75	09:42:08.07
1687765329.0899873	605.12	694.62	7.1	13.77	0.0	0.0	0.3	2.29	1299.74	09:42:09.07
1687765330.343449	605.11	694.62	6.3	13.77	0.0	0.0	2.05	2.29	1299.73	09:42:10.33
1687765331.3477428	605.12	694.63	6.57	14.3	0.0	0.0	1.47	1.07	1299.75	09:42:11.33
1687765332.3522525	605.12	694.62	6.84	13.77	0.0	0.0	0.89	2.29	1299.74	09:42:12.33
1687765333.6088152	605.12	694.63	6.57	13.9	0.0	0.0	1.47	1.99	1299.75	09:42:13.60
1687765334.6130562	605.12	694.62	6.97	13.63	0.0	0.0	0.59	2.6	1299.74	09:42:14.60
1687765335.6181362	605.11	694.63	6.17	14.44	0.0	0.0	2.35	0.76	1299.74	09:42:15.60
1687765336.8746405	605.12	694.62	6.84	13.63	0.0	0.0	0.89	2.6	1299.74	09:42:16.86
1687765337.8784046	605.12	694.63	6.57	14.03	0.0	0.0	1.47	1.68	1299.75	09:42:17.86
1687765338.8826888	605.11	694.64	6.3	15.1	0.0	0.0	2.05	-0.77	1299.75	09:42:18.86
1687765342.1475134	605.13	694.64	7.37	15.1	0.0	0.0	-0.28	-0.77	1299.77	09:42:22.13
1687765343.4052181	605.12	694.63	7.1	13.9	0.0	0.0	0.3	1.99	1299.75	09:42:23.39
1687765344.4100847	605.11	694.63	5.9	14.44	0.0	0.0	2.93	0.76	1299.74	09:42:24.39
1687765345.4144819	605.13	694.62	7.37	13.77	0.0	0.0	-0.28	2.29	1299.75	09:42:25.40
1687765346.6791604	605.12	694.63	6.7	13.9	0.0	0.0	1.18	1.99	1299.75	09:42:26.66
1687765347.6837893	605.13	694.63	7.24	14.17	0.0	0.0	0.01	1.37	1299.76	09:42:27.66
1687765348.6949573	605.13	694.63	7.24	14.44	0.0	0.0	0.01	0.76	1299.76	09:42:28.68
1687765349.9458983	605.12	694.63	7.1	13.9	0.0	0.0	0.3	1.99	1299.75	09:42:29.92
1687765350.9588346	605.12	694.63	6.7	14.03	0.0	0.0	1.18	1.68	1299.75	09:42:30.94
1687765351.9643307	605.12	694.62	7.1	13.37	0.0	0.0	0.3	3.21	1299.74	09:42:31.95
1687765354.2257698	605.12	694.63	6.84	14.17	0.0	0.0	0.89	1.37	1299.75	09:42:34.21
1687765355.230657	605.12	694.62	6.7	13.63	0.0	0.0	1.18	2.6	1299.74	09:42:35.21
1687765356.4866736	605.12	694.63	6.57	14.44	0.0	0.0	1.47	0.76	1299.75	09:42:36.47
1687765357.491408	605.11	694.63	6.44	14.03	0.0	0.0	1.76	1.68	1299.74	09:42:37.48
1687765358.4954798	605.11	694.63	6.04	14.03	0.0	0.0	2.64	1.68	1299.74	09:42:38.48
1687765360.7566023	605.11	694.62	6.04	13.37	0.0	0.0	2.64	3.21	1299.73	09:42:40.74
1687765361.761743	605.13	694.62	7.51	13.37	0.0	0.0	-0.57	3.21	1299.75	09:42:41.74
1687765364.020275	605.1	694.63	5.77	14.17	0.0	0.0	3.22	1.37	1299.73	09:42:44.01
1687765365.0243876	605.11	694.63	6.04	14.44	0.0	0.0	2.64	0.76	1299.74	09:42:45.01
1687765366.2841427	605.11	694.63	6.44	14.17	0.0	0.0	1.76	1.37	1299.74	09:42:46.27
1687765367.2885604	605.12	694.63	6.57	14.03	0.0	0.0	1.47	1.68	1299.75	09:42:47.27
1687765370.55492	605.12	694.63	6.57	14.17	0.0	0.0	1.47	1.37	1299.75	09:42:50.54
1687765371.5600448	605.12	694.63	6.84	14.03	0.0	0.0	0.89	1.68	1299.75	09:42:51.54
1687765372.853108	605.13	694.63	7.24	14.3	0.0	0.0	0.01	1.07	1299.76	09:42:52.84
1687765373.8574114	605.13	694.63	7.37	14.03	0.0	0.0	-0.28	1.68	1299.76	09:42:53.84
1687765374.8624895	605.1	694.63	5.77	14.03	0.0	0.0	3.22	1.68	1299.73	09:42:54.84
1687765376.1228495	605.12	694.63	7.1	14.3	0.0	0.0	0.3	1.07	1299.75	09:42:56.11
1687765377.1275504	605.1	694.64	5.77	14.84	0.0	0.0	3.22	-0.16	1299.74	09:42:57.11
1687765378.1324854	605.1	694.62	5.77	13.37	0.0	0.0	3.22	3.21	1299.72	09:42:58.11
1687765379.3919356	605.12	694.63	6.97	14.3	0.0	0.0	0.59	1.07	1299.75	09:42:59.37
1687765380.3967776	605.12	694.62	6.7	13.37	0.0	0.0	1.18	3.21	1299.74	09:43:00.37
1687765381.4088733	605.12	694.64	6.7	14.97	0.0	0.0	1.18	-0.47	1299.76	09:43:01.39
1687765382.6705685	605.12	694.63	6.57	14.03	0.0	0.0	1.47	1.68	1299.75	09:43:02.66
1687765383.6753201	605.12	694.63	6.7	13.9	0.0	0.0	1.18	1.99	1299.75	09:43:03.66
1687765384.6805038	605.13	694.63	7.51	14.17	0.0	0.0	-0.57	1.37	1299.76	09:43:04.66
1687765385.944671	605.12	694.63	6.7	14.17	0.0	0.0	1.18	1.37	1299.75	09:43:05.92
1687765386.949123	605.12	694.63	6.57	14.03	0.0	0.0	1.47	1.68	1299.75	09:43:06.92
1687765387.9611046	605.11	694.63	6.3	13.9	0.0	0.0	2.05	1.99	1299.74	09:43:07.95
1687765389.2223506	605.12	694.62	6.84	13.37	0.0	0.0	0.89	3.21	1299.74	09:43:09.21
1687765390.2269154	605.11	694.63	6.3	14.17	0.0	0.0	2.05	1.37	1299.74	09:43:10.21
1687765391.2319846	605.12	694.64	6.84	14.84	0.0	0.0	0.89	-0.16	1299.76	09:43:11.21
1687765393.4912245	605.11	694.63	6.3	14.03	0.0	0.0	2.05	1.68	1299.74	09:43:13.48
1687765394.4963067	605.12	694.62	6.84	13.63	0.0	0.0	0.89	2.6	1299.74	09:43:14.48
1687765395.7723796	605.12	694.62	6.7	13.77	0.0	0.0	1.18	2.29	1299.74	09:43:15.76
1687765396.775985	605.11	694.63	6.04	14.17	0.0	0.0	2.64	1.37	1299.74	09:43:16.76
1687765397.7801635	605.11	694.63	6.04	14.44	0.0	0.0	2.64	0.76	1299.74	09:43:17.76
1687765399.0572975	605.12	694.63	7.1	14.03	0.0	0.0	0.3	1.68	1299.75	09:43:19.04
1687765400.0621545	605.11	694.63	6.44	14.17	0.0	0.0	1.76	1.37	1299.74	09:43:20.05
1687765401.067094	605.11	694.63	6.17	14.03	0.0	0.0	2.35	1.68	1299.74	09:43:21.05
1687765403.3352077	605.12	694.63	6.84	13.9	0.0	0.0	0.89	1.99	1299.75	09:43:23.31
1687765404.3470447	605.12	694.63	6.84	13.9	0.0	0.0	0.89	1.99	1299.75	09:43:24.33
1687765405.6102626	605.12	694.62	6.7	13.63	0.0	0.0	1.18	2.6	1299.74	09:43:25.60
1687765406.6141064	605.13	694.62	7.37	13.63	0.0	0.0	-0.28	2.6	1299.75	09:43:26.60
1687765407.6184993	605.13	694.63	7.37	14.3	0.0	0.0	-0.28	1.07	1299.76	09:43:27.60
1687765409.8959434	605.12	694.62	7.1	13.77	0.0	0.0	0.3	2.29	1299.74	09:43:29.88
1687765410.8998673	605.12	694.63	6.84	13.9	0.0	0.0	0.89	1.99	1299.75	09:43:30.88
1687765412.1703393	605.12	694.62	6.57	13.37	0.0	0.0	1.47	3.21	1299.74	09:43:32.15
1687765413.1812444	605.12	694.63	6.7	14.17	0.0	0.0	1.18	1.37	1299.75	09:43:33.17
1687765414.1865344	605.12	694.63	6.97	14.03	0.0	0.0	0.59	1.68	1299.75	09:43:34.17
1687765416.4509704	605.12	694.63	6.57	13.9	0.0	0.0	1.47	1.99	1299.75	09:43:36.43
1687765417.4550312	605.11	694.62	6.3	13.63	0.0	0.0	2.05	2.6	1299.73	09:43:37.43
1687765420.7573247	605.11	694.63	6.17	13.9	0.0	0.0	2.35	1.99	1299.74	09:43:40.74
1687765422.0363085	605.12	694.62	6.57	13.37	0.0	0.0	1.47	3.21	1299.74	09:43:42.02
1687765424.0438178	605.11	694.62	6.04	13.77	0.0	0.0	2.64	2.29	1299.73	09:43:44.03
1687765427.3360703	605.12	694.63	7.1	14.17	0.0	0.0	0.3	1.37	1299.75	09:43:47.31
1687765428.6064174	605.11	694.63	6.3	14.44	0.0	0.0	2.05	0.76	1299.74	09:43:48.59
1687765429.6105103	605.13	694.64	7.51	14.84	0.0	0.0	-0.57	-0.16	1299.77	09:43:49.59
1687765430.6143496	605.12	694.63	6.7	14.3	0.0	0.0	1.18	1.07	1299.75	09:43:50.60
1687765431.8758934	605.11	694.62	6.44	13.37	0.0	0.0	1.76	3.21	1299.73	09:43:51.86
1687765432.8810198	605.12	694.63	6.57	14.17	0.0	0.0	1.47	1.37	1299.75	09:43:52.86
1687765433.8858247	605.12	694.63	6.57	14.17	0.0	0.0	1.47	1.37	1299.75	09:43:53.86
1687765436.1415267	605.12	694.63	7.1	13.9	0.0	0.0	0.3	1.99	1299.75	09:43:56.13
1687765437.1459494	605.12	694.63	6.84	14.03	0.0	0.0	0.89	1.68	1299.75	09:43:57.13
1687765438.4067056	605.12	694.63	6.84	14.17	0.0	0.0	0.89	1.37	1299.75	09:43:58.39
1687765439.4105644	605.11	694.63	6.04	14.03	0.0	0.0	2.64	1.68	1299.74	09:43:59.39
1687765440.4155216	605.13	694.63	7.51	14.03	0.0	0.0	-0.57	1.68	1299.76	09:44:00.39
1687765441.6733453	605.13	694.63	7.24	14.3	0.0	0.0	0.01	1.07	1299.76	09:44:01.66
1687765442.6781101	605.11	694.62	5.9	13.77	0.0	0.0	2.93	2.29	1299.73	09:44:02.66
1687765443.6831605	605.13	694.63	7.51	14.44	0.0	0.0	-0.57	0.76	1299.76	09:44:03.66
1687765444.9588542	605.12	694.63	6.97	14.44	0.0	0.0	0.59	0.76	1299.75	09:44:04.94
1687765445.9632459	605.11	694.63	6.17	13.9	0.0	0.0	2.35	1.99	1299.74	09:44:05.94
1687765448.2242713	605.12	694.63	6.57	14.17	0.0	0.0	1.47	1.37	1299.75	09:44:08.21
1687765450.2316618	605.12	694.63	7.1	14.17	0.0	0.0	0.3	1.37	1299.75	09:44:10.21
1687765451.5043185	605.11	694.62	5.9	13.37	0.0	0.0	2.93	3.21	1299.73	09:44:11.49
1687765452.5091515	605.13	694.63	7.37	14.44	0.0	0.0	-0.28	0.76	1299.76	09:44:12.49
1687765453.5142612	605.12	694.63	7.1	13.9	0.0	0.0	0.3	1.99	1299.75	09:44:13.49
1687765454.768889	605.12	694.64	6.84	14.84	0.0	0.0	0.89	-0.16	1299.76	09:44:14.76
1687765455.7742178	605.12	694.63	6.7	14.17	0.0	0.0	1.18	1.37	1299.75	09:44:15.76
1687765456.777938	605.11	694.63	6.44	13.9	0.0	0.0	1.76	1.99	1299.74	09:44:16.76
1687765458.0348697	605.11	694.63	6.17	14.03	0.0	0.0	2.35	1.68	1299.74	09:44:18.02
1687765459.0398874	605.12	694.63	6.7	13.9	0.0	0.0	1.18	1.99	1299.75	09:44:19.02
1687765460.0452366	605.11	694.62	6.3	13.77	0.0	0.0	2.05	2.29	1299.73	09:44:20.03
1687765462.308159	605.12	694.63	7.1	13.9	0.0	0.0	0.3	1.99	1299.75	09:44:22.29
1687765463.313001	605.12	694.63	6.7	14.44	0.0	0.0	1.18	0.76	1299.75	09:44:23.29
1687765464.5867503	605.12	694.63	6.57	14.3	0.0	0.0	1.47	1.07	1299.75	09:44:24.57
1687765466.5908709	605.13	694.63	7.24	13.9	0.0	0.0	0.01	1.99	1299.76	09:44:26.58
1687765468.8564093	605.13	694.63	7.24	14.3	0.0	0.0	0.01	1.07	1299.76	09:44:28.84
1687765469.8610835	605.12	694.62	6.7	13.37	0.0	0.0	1.18	3.21	1299.74	09:44:29.84
1687765472.1522353	605.12	694.63	6.7	14.44	0.0	0.0	1.18	0.76	1299.75	09:44:32.13
1687765474.413033	605.12	694.63	6.84	14.3	0.0	0.0	0.89	1.07	1299.75	09:44:34.39
1687765475.4174056	605.11	694.62	5.9	13.77	0.0	0.0	2.93	2.29	1299.73	09:44:35.39
1687765476.430169	605.13	694.63	7.37	14.03	0.0	0.0	-0.28	1.68	1299.76	09:44:36.41
1687765478.6938958	605.12	694.62	6.7	13.37	0.0	0.0	1.18	3.21	1299.74	09:44:38.68
1687765479.6985614	605.12	694.62	6.7	13.77	0.0	0.0	1.18	2.29	1299.74	09:44:39.68
1687765480.9590468	605.12	694.62	7.1	13.63	0.0	0.0	0.3	2.6	1299.74	09:44:40.94
1687765481.9640834	605.12	694.63	6.7	14.03	0.0	0.0	1.18	1.68	1299.75	09:44:41.94
1687765482.9683483	605.12	694.63	7.1	14.3	0.0	0.0	0.3	1.07	1299.75	09:44:42.94
1687765484.2318063	605.11	694.63	5.9	14.03	0.0	0.0	2.93	1.68	1299.74	09:44:44.21
1687765485.2429385	605.11	694.63	6.17	14.3	0.0	0.0	2.35	1.07	1299.74	09:44:45.23
1687765486.2474577	605.12	694.63	6.7	13.9	0.0	0.0	1.18	1.99	1299.75	09:44:46.23
1687765487.5062761	605.11	694.63	6.44	14.3	0.0	0.0	1.76	1.07	1299.74	09:44:47.49
1687765488.511	605.12	694.63	6.84	14.03	0.0	0.0	0.89	1.68	1299.75	09:44:48.50
1687765489.5149028	605.12	694.63	7.1	13.9	0.0	0.0	0.3	1.99	1299.75	09:44:49.50
1687765491.7847614	605.12	694.63	6.57	14.17	0.0	0.0	1.47	1.37	1299.75	09:44:51.76
1687765492.7963805	605.12	694.63	6.57	14.44	0.0	0.0	1.47	0.76	1299.75	09:44:52.78
1687765494.0576046	605.12	694.64	6.97	14.97	0.0	0.0	0.59	-0.47	1299.76	09:44:54.04
1687765495.0616438	605.13	694.63	7.51	13.9	0.0	0.0	-0.57	1.99	1299.76	09:44:55.05
1687765498.349006	605.11	694.63	5.9	13.9	0.0	0.0	2.93	1.99	1299.74	09:44:58.33
1687765499.3517919	605.11	694.63	6.17	13.9	0.0	0.0	2.35	1.99	1299.74	09:44:59.33
1687765501.6224277	605.11	694.63	6.3	13.9	0.0	0.0	2.05	1.99	1299.74	09:45:01.60
1687765502.6346529	605.13	694.62	7.24	13.77	0.0	0.0	0.01	2.29	1299.75	09:45:02.62
1687765503.8945239	605.11	694.63	6.3	14.3	0.0	0.0	2.05	1.07	1299.74	09:45:03.88
1687765504.8993688	605.11	694.63	6.3	14.17	0.0	0.0	2.05	1.37	1299.74	09:45:04.88
1687765507.1702313	605.12	694.62	6.57	13.23	0.0	0.0	1.47	3.52	1299.74	09:45:07.15
1687765509.1842053	605.11	694.6	5.9	14.3	0.0	0.0	2.93	1.04	1299.71	09:45:09.17
1687765510.453594	605.12	694.6	6.84	13.9	0.0	0.0	0.89	1.96	1299.72	09:45:10.43
1687765511.4581957	605.12	694.6	6.7	14.3	0.0	0.0	1.18	1.04	1299.72	09:45:11.43
1687765512.461843	605.12	694.6	7.1	14.03	0.0	0.0	0.3	1.65	1299.72	09:45:12.44
1687765513.7395444	605.11	694.59	6.44	13.77	0.0	0.0	1.76	2.26	1299.7	09:45:13.72
1687765514.7444804	605.13	694.61	7.37	14.97	0.0	0.0	-0.28	-0.5	1299.74	09:45:14.72
1687765515.7571454	605.11	694.6	6.17	13.9	0.0	0.0	2.35	1.96	1299.71	09:45:15.74
1687765517.0211647	605.13	694.6	7.37	14.17	0.0	0.0	-0.28	1.34	1299.73	09:45:17.00
1687765519.0285532	605.11	694.6	6.44	14.03	0.0	0.0	1.76	1.65	1299.71	09:45:19.01
1687765521.3053274	605.13	694.59	7.24	13.37	0.0	0.0	0.01	3.18	1299.72	09:45:21.29
1687765522.307568	605.11	694.61	5.9	14.7	0.0	0.0	2.93	0.12	1299.72	09:45:22.29
1687765523.6065173	605.12	694.6	6.84	14.17	0.0	0.0	0.89	1.34	1299.72	09:45:23.59
1687765524.6091468	605.11	694.6	6.3	14.17	0.0	0.0	2.05	1.34	1299.71	09:45:24.60
1687765525.6138542	605.1	694.6	5.77	14.03	0.0	0.0	3.22	1.65	1299.7	09:45:25.60
