LinuxTime	Length2	Length4	Tension2	Tension4	TargetLength2	TargetLength4	ErrLength2	ErrLength4	LengthTot	DayTime
1686300658.9871075	609.97	683.35	-1.17	-20.32	0.0	0.0	16.63	21.51	1293.3200000000002	10:50:58.97
1686300659.9916325	609.97	683.35	-1.17	-20.32	0.0	0.0	16.63	21.51	1293.3200000000002	10:50:59.97
1686300662.3493898	609.97	683.35	-1.17	-20.32	0.0	0.0	16.63	21.51	1293.3200000000002	10:51:02.34
1686300664.5834837	609.97	683.35	-1.17	-20.32	0.0	0.0	16.63	21.51	1293.3200000000002	10:51:04.56
1686300665.5871565	609.97	683.35	-1.17	-20.32	0.0	0.0	16.63	21.51	1293.3200000000002	10:51:05.58
1686300666.5910747	609.97	683.35	-1.17	-20.32	0.0	0.0	16.63	21.51	1293.3200000000002	10:51:06.58
1686300668.8259492	609.97	683.35	-1.17	-20.32	0.0	0.0	16.63	21.51	1293.3200000000002	10:51:08.81
1686300669.8307219	609.97	683.35	-1.17	-20.32	0.0	0.0	16.63	21.51	1293.3200000000002	10:51:09.81
1686300671.0604057	609.97	683.35	-1.17	-20.32	0.0	0.0	16.63	21.51	1293.3200000000002	10:51:11.05
1686300672.0643308	609.97	683.35	-1.17	-20.32	0.0	0.0	16.63	21.51	1293.3200000000002	10:51:12.05
1686300674.2957773	609.97	683.35	-1.17	-20.32	0.0	0.0	16.63	21.51	1293.3200000000002	10:51:14.27
1686300675.2991743	609.97	683.35	-1.17	-20.32	0.0	0.0	16.63	21.51	1293.3200000000002	10:51:15.28
1686300676.3040962	609.97	683.35	-1.17	-20.32	0.0	0.0	16.63	21.51	1293.3200000000002	10:51:16.28
1686300677.5215585	609.97	683.35	-1.17	-20.32	0.0	0.0	16.63	21.51	1293.3200000000002	10:51:17.50
1686300678.5264256	609.97	683.35	-1.17	-20.32	0.0	0.0	16.63	21.51	1293.3200000000002	10:51:18.50
1686300679.5305922	609.97	683.35	-1.17	-20.32	0.0	0.0	16.63	21.51	1293.3200000000002	10:51:19.52
1686300681.7590034	609.97	683.35	-1.17	-20.32	0.0	0.0	16.63	21.51	1293.3200000000002	10:51:21.75
1686300682.7624393	609.97	683.35	-1.17	-20.32	0.0	0.0	16.63	21.51	1293.3200000000002	10:51:22.75
1686300685.0022936	609.97	683.35	-1.17	-20.32	0.0	0.0	16.63	21.51	1293.3200000000002	10:51:24.99
1686300686.0074291	609.97	683.35	-1.17	-20.32	0.0	0.0	16.63	21.51	1293.3200000000002	10:51:26.00
1686300687.2334182	609.97	683.35	-1.17	-20.32	0.0	0.0	16.63	21.51	1293.3200000000002	10:51:27.22
1686300688.2371566	609.97	683.35	-1.17	-20.32	0.0	0.0	16.63	21.51	1293.3200000000002	10:51:28.22
1686300689.2411377	609.97	683.35	-1.17	-20.32	0.0	0.0	16.63	21.51	1293.3200000000002	10:51:29.22
1686300690.4562562	609.97	683.35	-1.17	-20.32	0.0	0.0	16.63	21.51	1293.3200000000002	10:51:30.44
1686300691.4597888	609.97	683.35	-1.17	-20.32	0.0	0.0	16.63	21.51	1293.3200000000002	10:51:31.44
1686300693.6837573	609.97	683.35	-1.17	-20.32	0.0	0.0	16.63	21.51	1293.3200000000002	10:51:33.67
1686300694.6873019	609.97	683.35	-1.17	-20.32	0.0	0.0	16.63	21.51	1293.3200000000002	10:51:34.67
1686300695.690802	609.97	683.35	-1.17	-20.32	0.0	0.0	16.63	21.51	1293.3200000000002	10:51:35.67
1686300696.9118142	609.97	683.35	-1.17	-20.32	0.0	0.0	16.63	21.51	1293.3200000000002	10:51:36.89
1686300697.9153242	609.97	683.35	-1.17	-20.32	0.0	0.0	16.63	21.51	1293.3200000000002	10:51:37.90
1686300698.9201913	609.97	683.35	-1.17	-20.32	0.0	0.0	16.63	21.51	1293.3200000000002	10:51:38.90
1686300701.1539004	609.97	683.35	-1.17	-20.32	0.0	0.0	16.63	21.51	1293.3200000000002	10:51:41.14
1686300702.1571376	609.97	683.35	-1.17	-20.32	0.0	0.0	16.63	21.51	1293.3200000000002	10:51:42.14
1686300703.3934796	609.97	683.35	-1.17	-20.32	0.0	0.0	16.63	21.51	1293.3200000000002	10:51:43.39
1686300705.3987696	609.97	683.35	-1.17	-20.32	0.0	0.0	16.63	21.51	1293.3200000000002	10:51:45.39
1686300707.6387343	609.97	683.35	-1.17	-20.32	0.0	0.0	16.63	21.51	1293.3200000000002	10:51:47.63
1686300708.642759	609.97	683.35	-1.17	-20.32	0.0	0.0	16.63	21.51	1293.3200000000002	10:51:48.63
1686300710.8653393	609.97	683.35	-1.17	-20.32	0.0	0.0	16.63	21.51	1293.3200000000002	10:51:50.86
1686300713.0906446	609.97	683.35	-1.17	-20.32	0.0	0.0	16.63	21.51	1293.3200000000002	10:51:53.08
1686300714.094479	609.97	683.35	-1.17	-20.32	0.0	0.0	16.63	21.51	1293.3200000000002	10:51:54.08
1686300715.0969195	609.97	683.35	-1.17	-20.32	0.0	0.0	16.63	21.51	1293.3200000000002	10:51:55.08
1686300716.316326	609.97	683.35	-1.17	-20.32	0.0	0.0	16.63	21.51	1293.3200000000002	10:51:56.31
1686300717.320171	609.97	683.35	-1.17	-20.32	0.0	0.0	16.63	21.51	1293.3200000000002	10:51:57.31
1686300718.3240306	609.97	683.35	-1.17	-20.32	0.0	0.0	16.63	21.51	1293.3200000000002	10:51:58.31
1686300719.549936	609.97	683.35	-1.17	-20.32	0.0	0.0	16.63	21.51	1293.3200000000002	10:51:59.53
1686300720.5545866	609.97	683.35	-1.17	-20.32	0.0	0.0	16.63	21.51	1293.3200000000002	10:52:00.53
1686300721.5606368	609.97	683.35	-1.17	-20.32	0.0	0.0	16.63	21.51	1293.3200000000002	10:52:01.53
1686300722.789527	609.97	683.35	-1.17	-20.32	0.0	0.0	16.63	21.51	1293.3200000000002	10:52:02.78
1686300723.7939079	609.97	683.35	-1.17	-20.32	0.0	0.0	16.63	21.51	1293.3200000000002	10:52:03.78
1686300726.0225	609.97	683.35	-1.17	-20.32	0.0	0.0	16.63	21.51	1293.3200000000002	10:52:06.00
1686300728.0270147	609.97	683.35	-1.17	-20.32	0.0	0.0	16.63	21.51	1293.3200000000002	10:52:08.00
1686300730.274883	609.97	683.35	-1.17	-20.32	0.0	0.0	16.63	21.51	1293.3200000000002	10:52:10.27
1686300731.2800498	609.97	683.35	-1.17	-20.32	0.0	0.0	16.63	21.51	1293.3200000000002	10:52:11.27
1686300733.5298004	609.97	683.35	-1.17	-20.32	0.0	0.0	16.63	21.51	1293.3200000000002	10:52:13.51
1686300734.5335214	609.97	683.35	-1.17	-20.32	0.0	0.0	16.63	21.51	1293.3200000000002	10:52:14.52
1686300736.7890177	609.97	683.35	-1.17	-20.32	0.0	0.0	16.63	21.51	1293.3200000000002	10:52:16.78
1686300739.0494165	609.97	683.35	-1.17	-20.32	0.0	0.0	16.63	21.51	1293.3200000000002	10:52:19.04
1686300740.0527353	609.97	683.35	-1.17	-20.32	0.0	0.0	16.63	21.51	1293.3200000000002	10:52:20.04
1686300742.3140118	609.97	683.35	-1.17	-20.32	0.0	0.0	16.63	21.51	1293.3200000000002	10:52:22.31
1686300743.3171346	609.97	683.35	-1.17	-20.32	0.0	0.0	16.63	21.51	1293.3200000000002	10:52:23.31
1686300744.3221688	609.97	683.35	-1.17	-20.32	0.0	0.0	16.63	21.51	1293.3200000000002	10:52:24.31
1686300745.5612566	609.97	683.35	-1.17	-20.32	0.0	0.0	16.63	21.51	1293.3200000000002	10:52:25.55
1686300746.5654247	609.97	683.35	-1.17	-20.32	0.0	0.0	16.63	21.51	1293.3200000000002	10:52:26.56
1686300748.8238225	609.97	683.35	-1.17	-20.32	0.0	0.0	16.63	21.51	1293.3200000000002	10:52:28.80
1686300749.8279448	609.97	683.35	-1.17	-20.32	0.0	0.0	16.63	21.51	1293.3200000000002	10:52:29.82
1686300750.8322036	609.97	683.35	-1.17	-20.32	0.0	0.0	16.63	21.51	1293.3200000000002	10:52:30.82
1686300753.869776	605.0	695.01	6.04	16.04	0.0	0.0	-0.64	-2.76	1300.01	10:52:33.86
1686300754.8744516	605.0	695.0	5.77	14.97	0.0	0.0	-0.05	-0.31	1300.0	10:52:34.86
1686300755.8790298	604.99	695.0	5.37	15.24	0.0	0.0	0.82	-0.92	1299.99	10:52:35.86
1686300756.8840153	605.0	695.01	5.5	15.51	0.0	0.0	0.53	-1.53	1300.01	10:52:36.86
1686300757.8888035	605.0	695.0	5.5	15.37	0.0	0.0	0.53	-1.23	1300.0	10:52:37.86
1686300758.8991988	604.99	695.0	5.24	15.37	0.0	0.0	1.12	-1.23	1299.99	10:52:38.88
1686300759.902418	605.0	695.0	5.64	15.1	0.0	0.0	0.24	-0.61	1300.0	10:52:39.89
1686300760.9067864	605.0	695.0	5.64	15.24	0.0	0.0	0.24	-0.92	1300.0	10:52:40.89
1686300761.9101882	605.0	694.99	5.64	14.57	0.0	0.0	0.24	0.61	1299.99	10:52:41.89
1686300762.9141557	605.0	694.99	5.77	14.44	0.0	0.0	-0.05	0.92	1299.99	10:52:42.89
1686300763.9181561	604.99	694.99	5.37	14.57	0.0	0.0	0.82	0.61	1299.98	10:52:43.89
1686300765.0883508	604.98	695.0	4.83	14.97	0.0	0.0	1.99	-0.31	1299.98	10:52:45.07
1686300766.0930886	605.0	695.0	5.64	15.24	0.0	0.0	0.24	-0.92	1300.0	10:52:46.08
1686300767.0981128	605.01	695.01	6.17	15.77	0.0	0.0	-0.93	-2.15	1300.02	10:52:47.08
1686300769.337582	605.01	695.01	6.17	15.64	0.0	0.0	-0.93	-1.84	1300.02	10:52:49.32
1686300770.3423812	605.0	695.0	5.5	15.24	0.0	0.0	0.53	-0.92	1300.0	10:52:50.32
1686300773.6085541	605.0	694.99	6.04	14.57	0.0	0.0	-0.64	0.61	1299.99	10:52:53.59
1686300775.8661754	604.99	695.01	5.1	15.51	0.0	0.0	1.41	-1.53	1300.0	10:52:55.85
1686300776.8712106	605.01	695.0	6.17	15.24	0.0	0.0	-0.93	-0.92	1300.01	10:52:56.85
1686300778.1084476	604.99	694.99	5.1	14.57	0.0	0.0	1.41	0.61	1299.98	10:52:58.10
1686300779.1138027	604.98	695.0	4.83	14.97	0.0	0.0	1.99	-0.31	1299.98	10:52:59.10
1686300780.1188226	605.0	695.0	5.9	15.24	0.0	0.0	-0.34	-0.92	1300.0	10:53:00.10
1686300781.3751009	605.01	694.99	6.57	14.7	0.0	0.0	-1.8	0.31	1300.0	10:53:01.36
1686300782.3792858	605.0	695.01	5.5	15.64	0.0	0.0	0.53	-1.84	1300.01	10:53:02.36
1686300783.3841681	605.0	695.0	5.9	15.24	0.0	0.0	-0.34	-0.92	1300.0	10:53:03.37
1686300784.6088696	605.0	695.0	5.5	15.37	0.0	0.0	0.53	-1.23	1300.0	10:53:04.59
1686300785.6139195	604.98	695.0	4.83	15.1	0.0	0.0	1.99	-0.61	1299.98	10:53:05.59
1686300786.6259325	604.98	695.01	4.83	15.64	0.0	0.0	1.99	-1.84	1299.99	10:53:06.61
1686300788.8492692	604.98	695.0	4.83	15.24	0.0	0.0	1.99	-0.92	1299.98	10:53:08.83
1686300789.8533535	605.0	695.0	5.5	15.37	0.0	0.0	0.53	-1.23	1300.0	10:53:09.84
1686300791.0795941	605.01	695.0	6.17	14.97	0.0	0.0	-0.93	-0.31	1300.01	10:53:11.06
1686300792.0827005	605.01	695.0	6.17	14.97	0.0	0.0	-0.93	-0.31	1300.01	10:53:12.06
1686300793.0946927	605.0	695.01	5.64	15.77	0.0	0.0	0.24	-2.15	1300.01	10:53:13.08
1686300796.3444703	605.0	695.0	5.9	15.1	0.0	0.0	-0.34	-0.61	1300.0	10:53:16.33
1686300797.5660625	604.99	695.0	4.97	15.1	0.0	0.0	1.7	-0.61	1299.99	10:53:17.55
1686300798.569877	605.01	695.01	6.44	15.51	0.0	0.0	-1.51	-1.53	1300.02	10:53:18.55
1686300799.574374	604.99	695.0	5.37	15.24	0.0	0.0	0.82	-0.92	1299.99	10:53:19.55
1686300800.8083122	604.99	694.99	5.24	14.57	0.0	0.0	1.12	0.61	1299.98	10:53:20.79
1686300801.812805	604.98	695.0	4.83	14.97	0.0	0.0	1.99	-0.31	1299.98	10:53:21.80
1686300802.8179245	605.0	695.0	5.5	14.97	0.0	0.0	0.53	-0.31	1300.0	10:53:22.80
1686300805.044841	605.0	694.99	6.04	14.57	0.0	0.0	-0.64	0.61	1299.99	10:53:25.02
1686300806.0486698	605.01	695.0	6.44	15.24	0.0	0.0	-1.51	-0.92	1300.01	10:53:26.02
1686300807.2840662	605.0	695.01	5.64	15.64	0.0	0.0	0.24	-1.84	1300.01	10:53:27.27
1686300808.288247	605.0	695.0	5.77	15.1	0.0	0.0	-0.05	-0.61	1300.0	10:53:28.27
1686300809.292944	605.0	695.01	5.64	16.04	0.0	0.0	0.24	-2.76	1300.01	10:53:29.27
1686300811.5309837	605.0	695.01	5.77	15.64	0.0	0.0	-0.05	-1.84	1300.01	10:53:31.51
1686300812.5366123	604.99	695.01	5.1	16.17	0.0	0.0	1.41	-3.07	1300.0	10:53:32.51
1686300814.7742493	605.0	695.01	5.9	15.77	0.0	0.0	-0.34	-2.15	1300.01	10:53:34.76
1686300815.7793474	605.0	695.0	6.04	15.24	0.0	0.0	-0.64	-0.92	1300.0	10:53:35.76
1686300818.0051003	605.01	695.0	6.44	14.84	0.0	0.0	-0.27	-2.51	1300.01	10:53:37.98
1686300819.010108	605.02	694.97	6.97	13.23	0.0	0.0	0.69	-1.84	1299.99	10:53:38.99
1686300821.265677	605.03	694.93	9.64	10.56	0.0	0.0	-0.08	-2.51	1299.96	10:53:41.25
1686300822.2707143	605.03	694.92	9.51	9.49	0.0	0.0	2.46	-3.07	1299.9499999999998	10:53:42.25
1686300823.507523	605.05	694.94	11.51	8.82	0.0	0.0	0.88	-5.24	1299.99	10:53:43.49
1686300824.5106847	605.04	694.91	12.85	7.22	0.0	0.0	0.19	-4.56	1299.9499999999998	10:53:44.49
1686300825.5150223	605.08	694.9	16.05	6.68	0.0	0.0	-4.56	-5.88	1299.98	10:53:45.50
1686300826.7539837	605.07	694.88	14.98	5.75	0.0	0.0	0.57	-6.03	1299.95	10:53:46.74
1686300827.758341	605.09	694.87	16.72	4.95	0.0	0.0	-0.97	-5.52	1299.96	10:53:47.74
1686300828.7624547	605.1	694.88	17.65	4.28	0.0	0.0	-0.76	-4.91	1299.98	10:53:48.74
1686300829.9987051	605.08	694.88	18.86	4.28	0.0	0.0	-0.62	-5.86	1299.96	10:53:49.98
1686300831.0036392	605.12	694.9	22.46	4.95	0.0	0.0	-1.74	-7.98	1300.02	10:53:50.99
1686300833.2469072	600.47	699.57	25.13	6.01	0.0	0.0	-1.34	-8.36	1300.04	10:53:53.23
1686300834.2514906	598.22	701.81	23.4	6.28	0.0	0.0	-1.31	-8.53	1300.03	10:53:54.23
1686300835.2568803	595.92	704.11	23.0	6.95	0.0	0.0	-1.34	-9.63	1300.03	10:53:55.23
1686300837.4976823	590.89	709.12	24.33	6.68	0.0	0.0	-1.3	-8.38	1300.01	10:53:57.48
1686300838.5027394	588.61	711.38	23.26	6.42	0.0	0.0	-1.3	-7.64	1299.99	10:53:58.48
1686300839.7454004	585.82	714.18	24.46	6.01	0.0	0.0	-1.3	-6.64	1300.0	10:53:59.72
1686300840.760458	583.47	716.5	22.73	7.08	0.0	0.0	-1.31	-9.04	1299.97	10:54:00.74
1686300843.9929144	576.2	723.77	23.13	6.95	0.0	0.0	-1.29	-8.25	1299.97	10:54:03.97
1686300845.0085392	573.94	726.04	23.93	7.08	0.0	0.0	-1.24	-8.51	1299.98	10:54:04.99
1686300846.2498267	571.12	728.83	22.73	6.15	0.0	0.0	-1.24	-6.36	1299.95	10:54:06.23
1686300847.2545624	568.9	731.09	23.53	7.35	0.0	0.0	-1.21	-9.11	1299.99	10:54:07.23
1686300848.2589552	566.62	733.34	22.33	6.55	0.0	0.0	-1.21	-7.21	1299.96	10:54:08.24
1686300849.4956048	563.82	736.14	23.66	6.42	0.0	0.0	-1.2	-6.85	1299.96	10:54:09.48
1686300850.4994724	561.55	738.41	22.73	6.82	0.0	0.0	-1.2	-7.69	1299.96	10:54:10.48
1686300851.5035152	559.28	740.67	22.59	6.42	0.0	0.0	-1.2	-6.71	1299.9499999999998	10:54:11.48
1686300852.7412744	556.44	743.48	22.19	6.42	0.0	0.0	-1.23	-6.69	1299.92	10:54:12.72
1686300853.7462685	554.22	745.73	23.13	7.49	0.0	0.0	-1.19	-9.12	1299.95	10:54:13.73
1686300854.750717	551.94	747.97	22.33	7.75	0.0	0.0	-1.19	-9.7	1299.91	10:54:14.73
1686300856.991012	546.8	753.11	20.99	7.75	0.0	0.0	-1.25	-9.6	1299.9099999999999	10:54:16.97
1686300857.9965484	544.53	755.38	20.73	6.82	0.0	0.0	-1.25	-7.42	1299.9099999999999	10:54:17.97
1686300860.221321	539.58	760.34	21.39	5.61	0.0	0.0	-1.17	-4.66	1299.92	10:54:20.20
1686300861.2384102	537.29	762.65	22.06	6.28	0.0	0.0	-1.15	-6.19	1299.94	10:54:21.22
1686300862.4606001	534.56	765.38	23.13	6.95	0.0	0.0	-1.13	-7.72	1299.94	10:54:22.44
1686300863.465114	532.29	767.63	22.59	6.28	0.0	0.0	-1.13	-6.09	1299.92	10:54:23.44
1686300864.481555	529.96	769.96	22.06	6.42	0.0	0.0	-1.14	-6.38	1299.92	10:54:24.46
1686300866.7104902	524.93	774.98	20.86	6.68	0.0	0.0	-1.12	-6.99	1299.9099999999999	10:54:26.69
1686300867.7262704	522.57	777.36	20.46	6.55	0.0	0.0	-1.17	-6.66	1299.93	10:54:27.71
1686300869.9739845	517.51	782.47	21.13	7.08	0.0	0.0	-1.16	-7.8	1299.98	10:54:29.95
1686300870.9787436	515.32	784.73	22.73	6.55	0.0	0.0	-1.1	-6.61	1300.0500000000002	10:54:30.96
1686300872.2346256	512.51	787.63	22.59	6.55	0.0	0.0	-1.05	-6.59	1300.1399999999999	10:54:32.22
1686300873.2402253	510.27	789.97	22.19	7.62	0.0	0.0	-1.02	-9.04	1300.24	10:54:33.22
1686300874.2454214	508.04	792.3	23.0	6.28	0.0	0.0	-0.99	-5.93	1300.34	10:54:34.22
1686300875.4798841	505.27	795.18	23.4	6.55	0.0	0.0	-0.96	-6.55	1300.4499999999998	10:54:35.46
1686300876.484608	503.0	797.52	23.4	7.49	0.0	0.0	-0.96	-8.68	1300.52	10:54:36.46
1686300877.4897313	500.73	799.79	23.0	6.28	0.0	0.0	-0.95	-5.93	1300.52	10:54:37.47
1686300878.7236004	497.92	802.59	22.46	7.35	0.0	0.0	-0.95	-8.38	1300.51	10:54:38.71
1686300879.7301662	495.69	804.78	23.53	6.82	0.0	0.0	-0.92	-7.14	1300.47	10:54:39.71
1686300880.7348166	493.43	807.01	23.66	6.42	0.0	0.0	-0.92	-6.24	1300.44	10:54:40.71
1686300881.9705625	490.63	809.8	24.33	7.22	0.0	0.0	-0.92	-8.15	1300.4299999999998	10:54:41.95
1686300882.9757295	488.35	812.05	22.86	6.42	0.0	0.0	-0.91	-6.32	1300.4	10:54:42.96
1686300883.9807887	486.05	814.36	22.46	6.95	0.0	0.0	-0.94	-7.5	1300.41	10:54:43.96
1686300885.2168155	483.27	817.13	22.19	6.82	0.0	0.0	-0.91	-7.23	1300.4	10:54:45.20
1686300886.2219028	481.05	819.37	23.53	6.95	0.0	0.0	-0.88	-7.55	1300.42	10:54:46.20
1686300887.2271087	478.81	821.63	23.4	6.82	0.0	0.0	-0.84	-7.23	1300.44	10:54:47.20
1686300889.4705288	473.72	826.67	20.99	6.55	0.0	0.0	-0.84	-6.73	1300.3899999999999	10:54:49.45
1686300890.4746504	471.46	828.97	21.79	6.68	0.0	0.0	-0.84	-7.06	1300.43	10:54:50.45
1686300892.7350261	466.36	834.09	21.53	7.49	0.0	0.0	-0.82	-8.79	1300.45	10:54:52.71
1686300893.7400303	464.06	836.3	21.26	6.55	0.0	0.0	-0.85	-6.68	1300.36	10:54:53.71
1686300895.9990127	458.83	841.26	20.46	6.82	0.0	0.0	-0.97	-7.52	1300.09	10:54:55.98
1686300897.0041924	456.5	843.52	20.06	6.82	0.0	0.0	-0.29	-7.44	1300.02	10:54:56.98
1686300898.2413304	453.82	846.21	20.99	6.82	0.0	0.0	-0.93	-7.41	1300.03	10:54:58.22
1686300899.2466843	451.68	848.42	22.06	7.08	0.0	0.0	-0.8	-8.02	1300.1	10:54:59.22
1686300900.2629652	449.55	850.83	27.13	6.95	0.0	0.0	-0.67	-7.6	1300.38	10:55:00.25
1686300901.5050015	446.69	854.35	23.8	7.49	0.0	0.0	-0.69	-8.29	1301.04	10:55:01.49
1686300902.5097692	444.42	856.97	23.53	7.22	0.0	0.0	-0.69	-7.51	1301.39	10:55:02.49
1686300903.514742	442.01	859.51	20.99	7.22	0.0	0.0	-0.81	-7.41	1301.52	10:55:03.49
1686300904.7519283	438.89	862.37	18.99	7.08	0.0	0.0	1.95	-7.11	1301.26	10:55:04.73
1686300905.7567267	434.41	865.99	18.72	8.15	0.0	0.0	0.3	-8.71	1300.4	10:55:05.73
1686300906.7618897	432.5	867.54	17.39	7.49	0.0	0.0	3.56	-8.13	1300.04	10:55:06.74
1686300907.9954603	430.25	869.58	19.26	6.68	0.0	0.0	-0.0	-6.9	1299.83	10:55:07.98
1686300909.000556	427.99	871.76	19.12	7.08	0.0	0.0	0.27	-7.7	1299.75	10:55:08.98
1686300910.0053442	425.81	873.87	18.86	6.82	0.0	0.0	0.93	-7.2	1299.68	10:55:09.98
1686300911.2203155	423.3	876.36	18.86	5.88	0.0	0.0	1.16	-5.05	1299.66	10:55:11.20
1686300912.2259924	421.21	878.45	18.19	7.49	0.0	0.0	2.78	-8.74	1299.66	10:55:12.21
1686300913.2305882	419.13	880.54	18.59	6.68	0.0	0.0	2.07	-6.89	1299.67	10:55:13.21
1686300914.4482453	416.44	883.21	17.79	7.08	0.0	0.0	3.87	-7.83	1299.65	10:55:14.43
1686300916.4565911	411.52	888.09	17.92	6.68	0.0	0.0	3.14	-6.66	1299.6100000000001	10:55:16.43
1686300917.6959186	408.53	891.13	17.65	7.75	0.0	0.0	3.52	-9.07	1299.6599999999999	10:55:17.68
1686300918.700049	406.14	893.48	17.52	7.35	0.0	0.0	3.67	-8.17	1299.62	10:55:18.68
1686300919.705106	403.85	895.78	17.79	7.75	0.0	0.0	3.04	-9.09	1299.63	10:55:19.68
1686300921.9463024	398.63	900.97	18.32	7.62	0.0	0.0	1.67	-8.73	1299.6	10:55:21.92
1686300922.9631283	396.29	903.27	17.25	6.15	0.0	0.0	3.97	-5.36	1299.56	10:55:22.94
1686300924.1831741	393.58	905.96	18.19	6.55	0.0	0.0	1.95	-6.29	1299.54	10:55:24.17
1686300925.1881979	391.5	908.06	18.05	7.08	0.0	0.0	2.4	-7.5	1299.56	10:55:25.17
1686300928.4327025	383.98	915.6	17.92	6.82	0.0	0.0	2.45	-6.67	1299.58	10:55:28.41
1686300929.4381528	381.35	918.21	18.32	7.49	0.0	0.0	1.19	-8.02	1299.56	10:55:29.42
1686300931.6602132	376.09	923.44	16.85	6.15	0.0	0.0	4.13	-4.92	1299.53	10:55:31.64
1686300932.6644359	373.74	925.82	17.79	7.49	0.0	0.0	1.97	-7.98	1299.56	10:55:32.64
1686300934.8904653	368.18	931.34	17.79	7.22	0.0	0.0	1.4	-7.17	1299.52	10:55:34.87
1686300935.9040434	365.7	933.8	17.25	6.28	0.0	0.0	2.38	-4.98	1299.5	10:55:35.89
1686300937.1277409	362.87	936.65	17.52	6.95	0.0	0.0	1.69	-6.5	1299.52	10:55:37.11
1686300938.1324332	360.47	939.04	16.45	7.22	0.0	0.0	3.89	-7.1	1299.51	10:55:38.11
1686300939.1369195	358.06	941.45	16.72	7.08	0.0	0.0	3.13	-6.8	1299.51	10:55:39.11
1686300940.3729	355.2	944.35	17.52	8.02	0.0	0.0	1.3	-8.96	1299.55	10:55:40.36
1686300941.3779197	352.72	946.83	17.39	6.95	0.0	0.0	1.36	-6.47	1299.5500000000002	10:55:41.36
1686300942.3831112	350.31	949.19	17.52	6.01	0.0	0.0	0.9	-4.33	1299.5	10:55:42.36
1686300944.6244013	345.19	954.31	16.45	6.95	0.0	0.0	3.15	-6.43	1299.5	10:55:44.60
1686300945.6294909	342.91	956.59	17.52	7.35	0.0	0.0	0.77	-7.36	1299.5	10:55:45.60
1686300946.863426	340.1	959.37	17.65	6.42	0.0	0.0	0.45	-5.32	1299.47	10:55:46.85
1686300947.8682866	337.93	961.57	18.19	7.22	0.0	0.0	-0.64	-7.23	1299.5	10:55:47.85
1686300951.114585	330.94	968.5	16.85	6.82	0.0	0.0	2.57	-6.33	1299.44	10:55:51.09
1686300952.120253	328.78	970.72	17.65	7.35	0.0	0.0	0.89	-7.53	1299.5	10:55:52.10
1686300954.3585384	323.74	975.75	18.19	6.82	0.0	0.0	-0.29	-6.32	1299.49	10:55:54.34
1686300955.3631482	321.41	978.08	17.65	7.08	0.0	0.0	0.8	-6.92	1299.49	10:55:55.34
1686300957.589476	316.24	983.22	16.99	7.08	0.0	0.0	1.97	-6.91	1299.46	10:55:57.56
1686300958.602355	314.88	984.55	17.65	6.15	0.0	0.0	-0.08	-4.72	1299.4299999999998	10:55:58.59
1686300960.834407	314.88	984.55	17.39	6.28	0.0	0.0	0.51	-5.03	1299.4299999999998	10:56:00.81
1686300961.8364954	314.89	984.53	17.79	6.68	0.0	0.0	-0.37	-5.98	1299.42	10:56:01.81
1686300964.0797322	314.88	984.51	17.12	5.88	0.0	0.0	1.09	-4.14	1299.3899999999999	10:56:04.05
1686300965.091142	314.88	984.51	16.72	5.61	0.0	0.0	1.97	-3.52	1299.3899999999999	10:56:05.08
1686300967.3231528	314.88	984.54	17.39	6.82	0.0	0.0	0.51	-6.28	1299.42	10:56:07.30
1686300968.3357399	314.88	984.53	17.25	6.55	0.0	0.0	0.8	-5.67	1299.4099999999999	10:56:08.32
1686300970.5824246	314.88	984.52	16.99	6.15	0.0	0.0	1.38	-4.75	1299.4	10:56:10.57
1686300971.5864308	314.88	984.53	17.25	6.42	0.0	0.0	0.8	-5.36	1299.4099999999999	10:56:11.57
1686300973.832767	314.88	984.51	16.32	5.75	0.0	0.0	2.84	-3.83	1299.3899999999999	10:56:13.81
1686300974.8379104	314.88	984.52	16.85	6.15	0.0	0.0	1.68	-4.75	1299.4	10:56:14.81
1686300976.0777009	314.88	984.52	16.72	6.28	0.0	0.0	1.97	-5.06	1299.4	10:56:16.06
1686300977.082116	314.88	984.53	17.39	6.42	0.0	0.0	0.51	-5.36	1299.4099999999999	10:56:17.06
1686300978.0928843	314.88	984.53	17.25	6.42	0.0	0.0	0.8	-5.36	1299.4099999999999	10:56:18.08
1686300980.3265905	314.89	984.55	17.79	7.22	0.0	0.0	-2.8	-6.03	1299.44	10:56:20.30
1686300981.33096	314.87	984.57	15.92	8.02	0.0	0.0	-1.72	-5.77	1299.44	10:56:21.30
1686300983.584705	314.88	984.6	12.45	9.36	0.0	0.0	-0.9	-3.74	1299.48	10:56:23.57
1686300984.5895493	314.87	984.61	10.58	9.76	0.0	0.0	0.18	-2.4	1299.48	10:56:24.57
1686300985.8168175	314.89	984.59	8.97	10.16	0.0	0.0	0.04	-0.6	1299.48	10:56:25.79
1686300986.8331053	314.88	984.62	8.57	11.76	0.0	0.0	-2.15	-1.97	1299.5	10:56:26.81
1686300987.8373313	314.97	984.57	7.77	12.43	0.0	0.0	-2.97	-1.31	1299.54	10:56:27.82
1686300989.0628793	318.07	981.45	6.3	11.63	0.0	0.0	0.68	0.17	1299.52	10:56:29.04
1686300990.0656984	320.34	979.2	7.51	12.3	0.0	0.0	-1.97	-1.37	1299.54	10:56:30.04
1686300991.0814052	322.66	976.91	6.84	12.83	0.0	0.0	-0.57	-2.58	1299.57	10:56:31.06
1686300994.3277519	329.9	969.63	6.04	12.56	0.0	0.0	1.17	-1.9	1299.53	10:56:34.31
1686300996.5922272	334.68	964.84	6.7	13.37	0.0	0.0	-0.3	-3.42	1299.52	10:56:36.57
1686300997.5971901	336.4	963.1	6.57	12.16	0.0	0.0	-0.4	-0.12	1299.5	10:56:37.57
1686300998.8376946	338.87	960.62	5.77	11.9	0.0	0.0	1.27	0.83	1299.49	10:56:38.82
1686300999.8429153	341.14	958.36	6.7	12.3	0.0	0.0	-0.57	-0.09	1299.5	10:56:39.82
1686301000.8586864	343.57	955.99	7.64	12.97	0.0	0.0	-2.41	-1.7	1299.56	10:56:40.84
1686301003.0881996	348.57	950.99	6.57	13.63	0.0	0.0	0.08	-3.22	1299.56	10:56:43.06
1686301004.1034544	350.8	948.76	6.57	13.77	0.0	0.0	0.04	-3.45	1299.56	10:56:44.08
1686301005.3438625	353.14	946.42	7.37	12.97	0.0	0.0	-2.06	-1.12	1299.56	10:56:45.33
1686301006.3482902	354.7	944.85	6.84	13.23	0.0	0.0	-1.38	-1.05	1299.55	10:56:46.33
1686301007.353319	356.78	942.76	6.44	14.17	0.0	0.0	-0.41	-3.05	1299.54	10:56:47.33
1686301008.591019	359.71	939.83	6.44	14.44	0.0	0.0	0.18	-3.79	1299.54	10:56:48.57
1686301009.5964806	361.95	937.55	6.44	13.37	0.0	0.0	0.21	-1.33	1299.5	10:56:49.57
1686301010.6005578	364.18	935.31	6.17	12.97	0.0	0.0	0.89	-0.38	1299.49	10:56:50.58
1686301012.8592727	369.14	930.39	6.7	13.37	0.0	0.0	-0.38	-1.11	1299.53	10:56:52.84
1686301013.8644981	371.43	928.07	6.7	13.37	0.0	0.0	-0.28	-1.17	1299.5	10:56:53.84
1686301015.1002216	374.19	925.34	7.51	13.1	0.0	0.0	-1.92	-0.47	1299.53	10:56:55.08
1686301016.1054015	376.4	923.15	8.44	13.63	0.0	0.0	-4.04	-1.64	1299.55	10:56:56.08
1686301017.1105385	378.43	921.13	6.44	13.63	0.0	0.0	0.14	-1.39	1299.56	10:56:57.09
1686301019.354871	382.3	917.25	6.7	13.1	0.0	0.0	-0.91	1.03	1299.55	10:56:59.33
1686301020.3696077	383.84	915.75	6.44	15.1	0.0	0.0	-0.64	-2.81	1299.59	10:57:00.35
1686301021.6312625	386.22	913.29	6.17	14.3	0.0	0.0	0.09	-0.57	1299.51	10:57:01.61
1686301022.636112	388.48	911.05	5.37	14.3	0.0	0.0	2.17	-0.55	1299.53	10:57:02.62
1686301023.6392531	390.72	908.82	6.44	14.17	0.0	0.0	-0.06	-0.22	1299.54	10:57:03.62
1686301024.8803217	392.14	907.41	5.9	14.97	0.0	0.0	0.13	-0.67	1299.55	10:57:04.86
1686301025.8853304	394.53	904.98	6.3	13.9	0.0	0.0	-0.27	1.61	1299.51	10:57:05.86
1686301026.9014425	396.8	902.72	7.1	14.3	0.0	0.0	-1.79	0.73	1299.52	10:57:06.88
1686301028.142537	399.64	899.88	7.1	14.44	0.0	0.0	-1.43	0.38	1299.52	10:57:08.13
1686301029.1475806	401.9	897.65	6.84	14.57	0.0	0.0	-0.79	0.1	1299.55	10:57:09.13
1686301030.1528869	404.17	895.37	7.37	13.63	0.0	0.0	-1.8	2.23	1299.54	10:57:10.13
1686301031.3954148	406.97	892.56	6.3	13.37	0.0	0.0	0.58	2.83	1299.53	10:57:11.37
1686301032.4115233	409.33	890.24	6.97	14.03	0.0	0.0	-0.78	1.27	1299.57	10:57:12.39
1686301033.4170809	411.59	887.96	6.57	14.57	0.0	0.0	0.0	-0.0	1299.55	10:57:13.39
1686301035.6571803	416.66	882.88	6.3	14.17	0.0	0.0	0.77	0.9	1299.54	10:57:15.64
1686301036.6627357	418.93	880.66	6.7	15.24	0.0	0.0	-0.07	-1.53	1299.59	10:57:16.64
1686301037.9196463	421.73	877.84	6.3	14.44	0.0	0.0	0.72	0.35	1299.5700000000002	10:57:17.90
1686301038.925087	423.82	875.77	6.7	15.1	0.0	0.0	-0.35	-1.01	1299.59	10:57:18.91
1686301039.9302213	426.08	873.49	6.3	14.17	0.0	0.0	0.6	1.13	1299.57	10:57:19.91
1686301042.1729739	430.74	869.04	6.57	15.51	0.0	0.0	-0.33	-1.35	1299.78	10:57:22.15
1686301043.1782675	431.85	868.0	6.57	14.84	0.0	0.0	-1.09	1.42	1299.85	10:57:23.16
1686301045.425056	436.41	864.22	6.17	15.91	0.0	0.0	0.27	0.22	1300.63	10:57:25.40
1686301046.4387064	439.16	862.0	6.44	17.11	0.0	0.0	0.44	-2.47	1301.16	10:57:26.42
1686301047.7007468	443.68	857.57	7.91	13.9	0.0	0.0	-1.03	3.35	1301.25	10:57:27.68
1686301048.7051003	446.33	854.53	7.91	14.3	0.0	0.0	-1.2	1.63	1300.86	10:57:28.68
1686301049.7095776	449.5	850.64	7.77	12.83	0.0	0.0	-0.64	3.39	1300.1399999999999	10:57:29.69
1686301051.9709175	453.54	846.29	7.24	14.3	0.0	0.0	-0.92	0.72	1299.83	10:57:31.95
1686301052.9766865	455.92	843.9	6.44	14.44	0.0	0.0	0.88	0.28	1299.82	10:57:32.95
1686301054.2155657	458.77	841.16	7.24	14.7	0.0	0.0	-1.02	-0.29	1299.9299999999998	10:57:34.19
1686301056.2343373	464.14	835.98	7.1	13.77	0.0	0.0	-0.3	1.23	1300.12	10:57:36.22
1686301057.4818888	467.52	832.7	6.57	14.44	0.0	0.0	1.04	-0.8	1300.22	10:57:37.46
1686301058.4997714	470.81	829.36	6.97	13.5	0.0	0.0	0.69	0.32	1300.17	10:57:38.48
1686301059.5051844	473.15	826.99	8.31	12.56	0.0	0.0	-2.67	2.37	1300.1399999999999	10:57:39.48
1686301060.7427301	476.09	824.02	6.3	12.03	0.0	0.0	1.42	3.43	1300.11	10:57:40.72
1686301061.747126	479.22	820.92	7.91	12.7	0.0	0.0	-1.47	1.03	1300.1399999999999	10:57:41.73
1686301062.7524061	481.72	818.43	7.51	13.37	0.0	0.0	-0.86	-0.75	1300.15	10:57:42.73
1686301065.0120797	486.61	813.51	7.37	13.77	0.0	0.0	-1.58	-1.49	1300.12	10:57:44.99
1686301068.2824404	494.91	805.2	6.84	13.23	0.0	0.0	0.06	-1.22	1300.1100000000001	10:57:48.26
1686301069.2995524	497.2	802.93	6.84	12.83	0.0	0.0	-0.01	-0.26	1300.1299999999999	10:57:49.28
1686301071.5603027	502.43	797.71	6.97	12.97	0.0	0.0	-0.5	-0.69	1300.14	10:57:51.54
1686301072.5650587	504.82	795.26	7.24	12.83	0.0	0.0	-1.01	-0.57	1300.08	10:57:52.54
1686301073.8452106	507.63	792.35	7.24	11.9	0.0	0.0	-1.12	1.57	1299.98	10:57:53.83
1686301074.8486452	509.79	790.06	6.57	12.3	0.0	0.0	0.19	0.61	1299.85	10:57:54.83
1686301075.8521426	512.24	787.53	6.7	12.7	0.0	0.0	0.01	-0.6	1299.77	10:57:55.83
1686301077.1128843	515.05	784.64	6.97	13.1	0.0	0.0	-0.67	-1.57	1299.69	10:57:57.09
1686301078.1178358	516.53	783.08	6.84	12.43	0.0	0.0	-1.09	0.68	1299.6100000000001	10:57:58.09
1686301079.1341395	519.37	780.23	6.97	13.37	0.0	0.0	-0.7	-2.03	1299.6	10:57:59.12
1686301080.3949301	522.14	777.42	6.44	13.1	0.0	0.0	0.4	-1.38	1299.56	10:58:00.38
1686301081.4000876	524.38	775.15	6.84	13.1	0.0	0.0	-0.48	-1.39	1299.53	10:58:01.38
1686301082.4051995	526.66	772.89	7.77	12.97	0.0	0.0	-2.43	-1.09	1299.55	10:58:02.38
1686301083.6646578	529.57	769.98	6.17	12.56	0.0	0.0	1.13	-0.22	1299.5500000000002	10:58:03.64
1686301084.6683092	532.18	767.38	7.1	12.56	0.0	0.0	-0.62	-0.56	1299.56	10:58:04.64
1686301085.673367	534.79	764.79	8.17	12.56	0.0	0.0	-2.82	-0.89	1299.58	10:58:05.65
1686301087.9516666	540.08	759.46	6.84	12.03	0.0	0.0	-0.14	0.16	1299.54	10:58:07.93
1686301088.9555154	542.32	757.2	6.7	12.16	0.0	0.0	0.02	-0.15	1299.52	10:58:08.93
1686301091.2172897	548.04	751.4	6.04	11.9	0.0	0.0	1.89	-0.23	1299.44	10:58:11.20
1686301092.2226155	550.29	749.17	6.84	11.9	0.0	0.0	-0.0	-0.2	1299.46	10:58:12.20
1686301094.481569	555.42	744.06	6.7	11.5	0.0	0.0	0.01	0.71	1299.48	10:58:14.46
1686301095.48662	557.69	741.79	6.84	11.36	0.0	0.0	-0.32	1.01	1299.48	10:58:15.46
1686301096.7440722	560.74	738.75	7.1	11.76	0.0	0.0	-0.8	-0.12	1299.49	10:58:16.73
1686301097.7487833	563.54	735.93	6.44	11.23	0.0	0.0	1.02	0.56	1299.4699999999998	10:58:17.73
1686301098.7527866	565.79	733.69	7.1	11.09	0.0	0.0	-0.61	0.9	1299.48	10:58:18.73
1686301101.038701	570.91	728.57	6.7	11.9	0.0	0.0	0.19	-0.92	1299.48	10:58:21.01
1686301102.054352	573.21	726.29	7.1	12.43	0.0	0.0	-0.74	-2.13	1299.5	10:58:22.03
1686301103.3129876	576.04	723.46	6.44	12.97	0.0	0.0	0.6	-3.35	1299.5	10:58:23.30
1686301105.32223	580.6	718.87	6.44	11.23	0.0	0.0	0.56	0.61	1299.47	10:58:25.30
1686301107.584164	585.71	713.77	6.84	11.36	0.0	0.0	-0.35	0.32	1299.48	10:58:27.56
1686301108.588474	587.97	711.51	6.04	12.03	0.0	0.0	1.33	-1.22	1299.48	10:58:28.57
1686301110.8497431	593.26	706.23	6.97	11.76	0.0	0.0	-0.71	-0.78	1299.49	10:58:30.83
1686301111.854678	595.65	703.83	6.84	10.83	0.0	0.0	-0.35	1.25	1299.48	10:58:31.83
1686301114.1141188	600.73	698.77	7.37	11.9	0.0	0.0	-1.5	-1.15	1299.5	10:58:34.10
1686301115.1187518	602.92	696.57	6.57	12.03	0.0	0.0	0.21	-1.45	1299.49	10:58:35.10
1686301116.3775065	604.64	694.85	6.17	12.16	0.0	0.0	0.61	-2.17	1299.49	10:58:36.36
1686301117.3822026	604.64	694.83	6.3	11.09	0.0	0.0	0.31	0.29	1299.47	10:58:37.36
1686301118.3863757	604.62	694.85	7.1	12.16	0.0	0.0	-1.47	-2.17	1299.47	10:58:38.36
1686301120.648319	604.64	694.83	6.7	11.09	0.0	0.0	-0.56	0.29	1299.47	10:58:40.63
1686301121.6526203	604.67	694.8	6.7	11.23	0.0	0.0	-0.53	-0.05	1299.4699999999998	10:58:41.63
1686301122.9421444	604.67	694.81	6.57	11.5	0.0	0.0	-0.24	-0.66	1299.48	10:58:42.93
1686301123.9461155	604.64	694.82	6.44	12.03	0.0	0.0	0.02	-1.89	1299.46	10:58:43.93
1686301124.9498463	604.65	694.81	7.1	11.63	0.0	0.0	-1.44	-0.97	1299.46	10:58:44.93
1686301126.210631	604.66	694.81	5.77	11.63	0.0	0.0	1.51	-0.97	1299.4699999999998	10:58:46.19
1686301127.214933	604.67	694.82	6.57	12.3	0.0	0.0	-0.24	-2.5	1299.49	10:58:47.20
1686301128.2185957	604.67	694.82	6.3	12.03	0.0	0.0	0.34	-1.89	1299.49	10:58:48.20
1686301129.4836752	604.66	694.79	5.9	12.03	0.0	0.0	1.22	-1.92	1299.4499999999998	10:58:49.46
1686301130.4983864	604.68	694.77	6.84	11.23	0.0	0.0	-0.77	-0.13	1299.4499999999998	10:58:50.48
1686301131.50424	604.69	694.77	7.51	10.83	0.0	0.0	-1.27	-1.25	1299.46	10:58:51.48
1686301132.765618	604.69	694.75	7.51	9.62	0.0	0.0	1.35	-2.28	1299.44	10:58:52.75
1686301133.7708256	604.71	694.74	9.11	9.09	0.0	0.0	0.11	-4.07	1299.45	10:58:53.75
1686301134.7766695	604.72	694.74	9.91	7.35	0.0	0.0	0.61	-3.05	1299.46	10:58:54.75
1686301136.0492413	604.71	694.73	11.38	6.95	0.0	0.0	0.26	-5.43	1299.44	10:58:56.03
1686301137.0534182	604.71	694.71	11.64	5.75	0.0	0.0	1.93	-4.54	1299.42	10:58:57.03
1686301138.0578399	604.74	694.7	13.65	5.08	0.0	0.0	-0.19	-4.37	1299.44	10:58:58.04
1686301139.3336084	604.72	694.72	14.72	4.68	0.0	0.0	0.33	-4.68	1299.44	10:58:59.32
1686301140.338182	604.53	694.95	16.45	5.61	0.0	0.0	-1.42	-7.39	1299.48	10:59:00.32
1686301141.3429732	603.47	696.01	15.92	5.61	0.0	0.0	0.94	-7.38	1299.48	10:59:01.32
1686301143.6238234	599.4	700.11	16.99	6.95	0.0	0.0	-0.33	-9.6	1299.51	10:59:03.61
1686301144.6290972	597.35	702.14	16.72	5.88	0.0	0.0	0.45	-6.62	1299.49	10:59:04.61
1686301145.9256055	594.66	704.83	16.85	5.88	0.0	0.0	0.4	-6.13	1299.49	10:59:05.91
1686301146.930534	592.58	706.88	16.85	5.61	0.0	0.0	0.57	-5.14	1299.46	10:59:06.91
1686301147.934603	590.52	708.95	16.72	6.55	0.0	0.0	1.06	-7.05	1299.47	10:59:07.91
1686301150.196167	585.93	713.51	16.72	6.42	0.0	0.0	1.56	-6.58	1299.44	10:59:10.18
1686301151.1996422	583.76	715.68	17.12	6.42	0.0	0.0	0.76	-6.44	1299.44	10:59:11.18
1686301152.457527	581.26	718.19	17.12	6.42	0.0	0.0	1.09	-6.32	1299.45	10:59:12.44
1686301153.4624598	579.24	720.2	17.52	6.15	0.0	0.0	0.44	-5.67	1299.44	10:59:13.44
1686301154.4668236	577.27	722.21	17.12	6.68	0.0	0.0	1.6	-6.83	1299.48	10:59:14.44
1686301157.7323809	570.3	729.14	17.25	6.15	0.0	0.0	1.65	-5.38	1299.44	10:59:17.71
1686301159.9912891	565.86	733.6	17.39	7.08	0.0	0.0	2.0	-7.5	1299.46	10:59:19.97
1686301160.9954708	563.65	735.79	16.72	6.42	0.0	0.0	3.5	-5.79	1299.44	10:59:20.97
1686301162.2539036	561.0	738.45	17.39	6.28	0.0	0.0	2.21	-5.41	1299.45	10:59:22.24
1686301163.259076	558.8	740.62	17.65	6.15	0.0	0.0	1.67	-5.07	1299.42	10:59:23.24
1686301164.2643323	556.75	742.71	17.92	6.82	0.0	0.0	1.28	-6.57	1299.46	10:59:24.24
1686301166.5081542	551.88	747.55	17.65	6.95	0.0	0.0	2.04	-6.85	1299.4299999999998	10:59:26.48
1686301167.5240498	549.38	750.01	18.46	6.28	0.0	0.0	0.07	-5.08	1299.3899999999999	10:59:27.51
1686301169.7754748	543.99	755.45	17.12	7.89	0.0	0.0	2.64	-8.5	1299.44	10:59:29.75
1686301170.7913964	541.7	757.76	17.52	7.22	0.0	0.0	1.76	-6.94	1299.46	10:59:30.77
1686301173.0550733	536.87	762.6	17.52	6.01	0.0	0.0	2.0	-4.17	1299.47	10:59:33.03
1686301174.0594015	534.97	764.49	17.92	7.22	0.0	0.0	1.47	-7.11	1299.46	10:59:34.04
1686301175.3198476	531.9	767.56	18.19	6.55	0.0	0.0	0.64	-5.24	1299.46	10:59:35.30
1686301176.3244357	529.56	769.91	17.52	7.75	0.0	0.0	2.02	-7.94	1299.4699999999998	10:59:36.30
1686301177.338611	527.2	772.26	16.85	7.49	0.0	0.0	3.41	-7.33	1299.46	10:59:37.32
1686301179.590337	522.48	776.97	18.32	6.28	0.0	0.0	0.5	-4.55	1299.45	10:59:39.57
1686301180.605736	520.33	779.09	18.19	6.28	0.0	0.0	0.93	-4.61	1299.42	10:59:40.59
1686301181.8661716	518.01	781.45	18.46	6.68	0.0	0.0	0.86	-5.88	1299.46	10:59:41.85
1686301182.8711712	515.89	783.63	18.32	6.82	0.0	0.0	1.28	-6.2	1299.52	10:59:42.85
1686301183.8763268	513.9	785.65	18.19	6.95	0.0	0.0	1.83	-6.49	1299.55	10:59:43.85
1686301185.1322744	511.06	788.65	18.59	7.35	0.0	0.0	0.95	-7.39	1299.71	10:59:45.11
1686301186.1348243	508.83	790.99	18.32	7.89	0.0	0.0	1.55	-8.61	1299.82	10:59:46.12
1686301188.3984175	503.24	796.71	18.19	5.75	0.0	0.0	1.33	-3.21	1299.95	10:59:48.38
1686301189.403436	501.01	799.0	18.46	6.95	0.0	0.0	0.76	-6.0	1300.01	10:59:49.38
1686301190.408836	498.62	801.4	18.32	7.62	0.0	0.0	0.92	-7.51	1300.02	10:59:50.39
1686301191.6643684	495.51	804.47	17.92	6.95	0.0	0.0	1.51	-5.97	1299.98	10:59:51.65
1686301192.6698492	493.0	806.94	18.05	7.08	0.0	0.0	0.96	-6.04	1299.94	10:59:52.65
1686301193.6751664	490.46	809.49	17.52	7.35	0.0	0.0	1.84	-6.59	1299.95	10:59:53.65
1686301195.9364078	485.41	814.51	16.59	6.55	0.0	0.0	3.92	-4.77	1299.92	10:59:55.91
1686301196.9416645	483.46	816.45	18.86	6.95	0.0	0.0	-0.75	-6.05	1299.91	10:59:56.92
1686301198.204462	481.53	818.38	18.86	6.55	0.0	0.0	0.15	-5.73	1299.9099999999999	10:59:58.18
1686301199.2219584	479.2	820.78	18.19	7.22	0.0	0.0	1.58	-7.19	1299.98	10:59:59.20
1686301200.2269578	476.45	823.52	18.32	7.22	0.0	0.0	0.79	-6.83	1299.97	11:00:00.20
1686301202.5073965	471.2	828.74	18.59	6.68	0.0	0.0	0.08	-5.55	1299.94	11:00:02.49
1686301203.512658	468.96	830.99	17.65	6.15	0.0	0.0	2.13	-4.28	1299.95	11:00:03.49
1686301205.7710528	463.4	836.45	17.52	7.35	0.0	0.0	1.95	-6.84	1299.85	11:00:05.75
1686301206.7759695	461.18	838.57	18.46	6.28	0.0	0.0	-0.08	-4.51	1299.75	11:00:06.75
1686301208.0400634	458.06	841.54	17.79	6.68	0.0	0.0	1.09	-5.11	1299.6	11:00:08.02
1686301209.0563734	456.32	843.25	18.72	7.75	0.0	0.0	-0.4	-8.04	1299.57	11:00:09.04
1686301210.0612118	454.1	845.4	17.92	6.42	0.0	0.0	1.4	-4.99	1299.5	11:00:10.04
1686301211.318407	452.55	846.96	19.92	6.15	0.0	0.0	-1.71	-5.12	1299.51	11:00:11.30
1686301213.3272498	448.73	851.26	22.19	6.55	0.0	0.0	-2.06	-5.74	1299.99	11:00:13.31
1686301215.5894067	443.4	857.51	20.06	6.55	0.0	0.0	-1.51	-4.68	1300.9099999999999	11:00:15.57
1686301216.5938551	440.19	860.77	18.99	6.42	0.0	0.0	-0.12	-3.71	1300.96	11:00:16.57
1686301218.8747363	432.17	867.42	16.72	6.68	0.0	0.0	1.97	-3.84	1299.59	11:00:18.85
1686301219.8791223	431.46	868.03	18.19	5.75	0.0	0.0	0.29	-3.39	1299.49	11:00:19.86
1686301222.140034	426.23	872.98	18.19	7.08	0.0	0.0	0.14	-6.45	1299.21	11:00:22.12
1686301225.4096344	419.28	879.89	17.25	6.55	0.0	0.0	2.56	-5.21	1299.17	11:00:25.39
1686301226.4254909	417.02	882.11	17.12	6.15	0.0	0.0	2.89	-4.28	1299.13	11:00:26.41
1686301227.6879852	414.3	884.85	17.25	7.08	0.0	0.0	2.71	-6.37	1299.15	11:00:27.67
1686301228.6933572	411.74	887.41	17.92	6.68	0.0	0.0	0.93	-5.27	1299.15	11:00:28.67
1686301229.6984458	409.36	889.8	18.32	6.82	0.0	0.0	-0.08	-5.54	1299.1599999999999	11:00:29.67
1686301230.9764087	406.36	892.78	17.12	6.42	0.0	0.0	2.43	-4.58	1299.1399999999999	11:00:30.96
1686301232.9844987	401.44	897.67	17.25	6.68	0.0	0.0	1.71	-4.94	1299.11	11:00:32.96
1686301234.2584128	398.45	900.62	17.52	6.15	0.0	0.0	1.02	-3.72	1299.07	11:00:34.24
1686301235.2631354	396.12	902.95	17.12	6.42	0.0	0.0	1.81	-4.33	1299.0700000000002	11:00:35.24
1686301236.267753	393.88	905.2	16.85	7.22	0.0	0.0	2.41	-6.14	1299.08	11:00:36.24
1686301237.5310276	391.11	907.98	16.99	6.95	0.0	0.0	2.17	-5.53	1299.0900000000001	11:00:37.51
1686301238.5466633	388.93	910.15	17.39	7.08	0.0	0.0	1.41	-5.97	1299.08	11:00:38.53
1686301239.5524619	386.55	912.53	17.52	6.82	0.0	0.0	0.98	-5.29	1299.08	11:00:39.53
1686301241.8148813	381.38	917.7	17.12	6.95	0.0	0.0	1.78	-5.58	1299.08	11:00:41.79
1686301242.820145	379.1	920.0	18.46	7.08	0.0	0.0	-1.19	-5.86	1299.1	11:00:42.80
1686301244.0946736	376.26	922.82	17.92	6.55	0.0	0.0	0.02	-4.62	1299.08	11:00:44.08
1686301245.1001108	374.04	925.06	16.72	7.75	0.0	0.0	2.69	-7.37	1299.1	11:00:45.08
1686301248.3853328	366.31	932.69	16.59	6.42	0.0	0.0	2.62	-4.19	1299.0	11:00:48.37
1686301249.390725	364.0	935.03	17.92	6.95	0.0	0.0	-0.37	-5.36	1299.03	11:00:49.37
1686301251.6528683	358.74	940.28	17.39	6.82	0.0	0.0	0.62	-5.02	1299.02	11:00:51.63
1686301252.6578746	356.44	942.62	17.25	7.35	0.0	0.0	0.86	-6.24	1299.06	11:00:52.63
1686301254.9401536	351.13	947.88	17.12	6.28	0.0	0.0	0.97	-3.77	1299.01	11:00:54.92
1686301255.9568095	348.77	950.23	17.65	6.28	0.0	0.0	-0.26	-3.76	1299.0	11:00:55.94
1686301257.2425728	345.81	953.2	16.72	7.62	0.0	0.0	1.7	-6.82	1299.01	11:00:57.22
1686301258.2476335	343.57	955.46	16.19	7.49	0.0	0.0	2.88	-6.44	1299.03	11:00:58.22
1686301259.2646463	341.07	957.91	17.52	6.68	0.0	0.0	-0.25	-4.54	1298.98	11:00:59.24
1686301261.5296838	335.94	963.03	17.12	7.35	0.0	0.0	0.58	-6.09	1298.97	11:01:01.51
1686301262.53447	333.85	965.12	17.39	6.28	0.0	0.0	0.16	-3.63	1298.97	11:01:02.51
1686301264.8140566	329.05	969.93	16.59	6.68	0.0	0.0	2.23	-4.61	1298.98	11:01:04.79
1686301265.818845	327.0	971.95	17.39	6.55	0.0	0.0	0.67	-4.38	1298.95	11:01:05.79
1686301268.0993485	321.87	977.08	17.39	6.42	0.0	0.0	0.68	-4.06	1298.95	11:01:08.08
1686301269.1046948	320.57	978.38	18.59	6.55	0.0	0.0	-1.0	-5.15	1298.95	11:01:09.08
1686301270.3816445	316.73	982.21	17.39	7.49	0.0	0.0	0.64	-6.2	1298.94	11:01:10.36
1686301271.3855429	315.13	983.78	17.12	6.42	0.0	0.0	0.83	-4.36	1298.9099999999999	11:01:11.36
1686301273.6652179	313.37	985.54	16.19	6.42	0.0	0.0	1.47	-3.92	1298.9099999999999	11:01:13.65
1686301274.6700385	313.38	985.54	16.85	6.55	0.0	0.0	0.01	-4.22	1298.92	11:01:14.65
1686301275.6747832	313.38	985.5	16.85	6.42	0.0	0.0	0.01	-3.95	1298.88	11:01:15.65
1686301281.2418764	313.38	985.5	16.72	6.28	0.0	0.0	0.3	-3.64	1298.88	11:01:21.22
1686301282.2457683	313.38	985.52	16.99	6.95	0.0	0.0	-0.28	-5.17	1298.9	11:01:22.22
1686301283.5454712	313.38	985.51	16.72	6.55	0.0	0.0	0.3	-4.25	1298.8899999999999	11:01:23.52
1686301284.549213	313.38	985.51	16.99	6.55	0.0	0.0	-0.91	-3.91	1298.8899999999999	11:01:24.53
1686301285.5652587	313.37	985.5	16.32	6.42	0.0	0.0	-2.34	-2.1	1298.87	11:01:25.55
1686301286.8442757	313.36	985.55	14.72	8.42	0.0	0.0	-2.69	-3.83	1298.9099999999999	11:01:26.83
1686301287.8494089	313.38	985.53	12.98	8.69	0.0	0.0	-1.87	-2.21	1298.9099999999999	11:01:27.83
1686301288.8547082	313.37	985.56	11.24	10.16	0.0	0.0	-1.08	-3.33	1298.9299999999998	11:01:28.83
1686301290.1301188	313.36	985.58	9.64	10.96	0.0	0.0	-1.43	-2.28	1298.94	11:01:30.12
1686301291.135183	313.38	985.58	7.91	10.83	0.0	0.0	-0.61	0.28	1298.96	11:01:31.12
1686301292.1404943	313.37	985.59	7.1	11.36	0.0	0.0	-1.77	1.32	1298.96	11:01:32.12
1686301294.4215534	318.44	980.52	6.7	11.5	0.0	0.0	-1.04	1.07	1298.96	11:01:34.40
1686301295.425251	320.26	978.78	6.97	13.5	0.0	0.0	-2.13	-3.05	1299.04	11:01:35.41
1686301296.7044272	322.85	976.16	6.17	12.43	0.0	0.0	-0.45	-0.31	1299.01	11:01:36.69
1686301297.7084517	325.48	973.52	6.97	11.9	0.0	0.0	-1.75	0.54	1299.0	11:01:37.69
1686301298.7126553	327.59	971.37	6.57	11.63	0.0	0.0	-0.94	1.26	1298.96	11:01:38.69
1686301299.9900873	330.42	968.55	6.04	12.56	0.0	0.0	0.42	-0.84	1298.97	11:01:39.97
1686301300.9951446	332.09	966.89	6.84	12.43	0.0	0.0	-1.71	0.05	1298.98	11:01:40.97
1686301302.0003984	334.36	964.65	6.97	13.37	0.0	0.0	-1.82	-2.1	1299.01	11:01:41.98
1686301304.280363	339.42	959.55	6.04	12.3	0.0	0.0	0.16	0.42	1298.97	11:01:44.26
1686301305.2855928	341.57	957.42	6.84	12.7	0.0	0.0	-1.59	-0.39	1298.99	11:01:45.26
1686301306.5676866	344.63	954.38	7.51	12.03	0.0	0.0	-2.84	1.01	1299.01	11:01:46.54
1686301307.583133	346.94	952.07	6.04	12.43	0.0	0.0	0.41	0.07	1299.01	11:01:47.57
1686301308.5888057	349.21	949.8	6.84	12.16	0.0	0.0	-1.29	0.67	1299.01	11:01:48.57
1686301309.885855	352.18	946.86	7.91	11.76	0.0	0.0	-3.61	1.59	1299.04	11:01:49.87
1686301310.8912783	354.44	944.57	7.1	11.9	0.0	0.0	-1.89	1.24	1299.01	11:01:50.87
1686301311.8966124	356.61	942.39	6.84	13.1	0.0	0.0	-1.36	-1.47	1299.0	11:01:51.87
1686301313.1917698	359.48	939.49	7.24	11.9	0.0	0.0	-2.32	1.35	1298.97	11:01:53.17
1686301314.196933	361.71	937.29	6.3	13.37	0.0	0.0	-0.16	-2.0	1299.0	11:01:54.18
1686301315.2023165	363.94	935.04	6.04	12.56	0.0	0.0	0.43	-0.14	1298.98	11:01:55.18
1686301317.482111	369.14	929.83	6.7	11.76	0.0	0.0	-1.1	1.65	1298.97	11:01:57.46
1686301318.4866464	371.41	927.58	6.97	12.56	0.0	0.0	-1.59	-0.2	1298.99	11:01:58.46
1686301319.7829697	374.24	924.77	5.64	12.7	0.0	0.0	1.3	-0.39	1299.01	11:01:59.77
1686301320.788365	376.51	922.55	6.44	13.37	0.0	0.0	-0.41	-1.9	1299.06	11:02:00.77
1686301323.0883565	381.53	917.5	6.84	12.97	0.0	0.0	-1.46	-0.83	1299.03	11:02:03.07
1686301324.0924203	383.67	915.36	6.44	13.1	0.0	0.0	-0.64	-1.02	1299.03	11:02:04.07
1686301325.0975294	385.74	913.32	6.04	13.63	0.0	0.0	0.2	-2.05	1299.06	11:02:05.07
1686301326.374049	388.63	910.39	7.37	12.16	0.0	0.0	-2.53	1.31	1299.02	11:02:06.36
1686301327.3788245	390.83	908.16	6.97	12.43	0.0	0.0	-1.61	0.72	1298.99	11:02:07.36
1686301328.383282	393.1	905.92	7.37	11.9	0.0	0.0	-2.42	1.97	1299.02	11:02:08.36
1686301330.6661174	397.23	901.76	7.1	12.56	0.0	0.0	-2.73	1.41	1298.99	11:02:10.64
1686301331.671273	399.89	899.16	7.24	13.9	0.0	0.0	-2.32	-2.03	1299.05	11:02:11.65
1686301332.9656494	402.24	896.79	6.44	12.97	0.0	0.0	-0.9	0.68	1299.03	11:02:12.95
1686301333.9707713	404.83	894.21	5.9	12.3	0.0	0.0	0.87	1.9	1299.04	11:02:13.95
1686301334.9760423	407.06	891.95	6.04	12.83	0.0	0.0	0.54	0.66	1299.01	11:02:14.95
1686301337.2780802	412.17	886.88	5.9	12.56	0.0	0.0	0.65	1.39	1299.05	11:02:17.26
1686301338.2834811	414.1	884.96	6.44	13.37	0.0	0.0	-0.66	-0.12	1299.06	11:02:18.26
1686301339.5758805	416.4	882.66	6.97	13.23	0.0	0.0	-2.15	0.82	1299.06	11:02:19.56
1686301340.5811565	418.09	880.96	6.3	12.83	0.0	0.0	-0.83	2.3	1299.05	11:02:20.56
1686301341.5861855	420.36	878.74	6.44	13.37	0.0	0.0	-0.82	1.09	1299.1	11:02:21.56
1686301342.869893	423.21	875.83	5.64	13.1	0.0	0.0	1.12	1.68	1299.04	11:02:22.85
1686301343.88548	425.55	873.55	6.7	13.63	0.0	0.0	-1.1	0.46	1299.1	11:02:23.87
1686301344.890501	427.81	871.39	8.44	14.3	0.0	0.0	-4.89	-1.0	1299.2	11:02:24.87
1686301347.175217	430.35	868.96	6.44	13.5	0.0	0.0	-2.21	3.56	1299.31	11:02:27.15
1686301348.1913502	433.3	866.38	5.77	14.44	0.0	0.0	0.56	1.11	1299.68	11:02:28.17
1686301349.4725385	435.45	864.65	6.17	15.91	0.0	0.0	-0.43	-1.13	1300.1	11:02:29.46
1686301350.4772458	436.96	863.44	5.77	15.51	0.0	0.0	0.02	0.84	1300.4	11:02:30.46
1686301351.4825659	439.2	861.54	6.17	15.91	0.0	0.0	-0.46	0.26	1300.74	11:02:31.46
1686301352.7784576	444.43	856.21	7.51	13.37	0.0	0.0	-1.43	3.72	1300.64	11:02:32.76
1686301353.7827082	448.94	850.78	8.31	13.37	0.0	0.0	-1.62	0.52	1299.72	11:02:33.76
1686301354.7879295	449.82	849.75	8.31	13.23	0.0	0.0	-3.61	2.06	1299.57	11:02:34.77
1686301356.0843866	452.53	846.86	7.37	13.77	0.0	0.0	-2.07	0.86	1299.3899999999999	11:02:36.07
1686301357.088355	454.72	844.62	6.7	13.77	0.0	0.0	-0.74	0.88	1299.3400000000001	11:02:37.07
1686301358.0932908	457.04	842.34	5.9	14.44	0.0	0.0	1.14	-0.7	1299.38	11:02:38.07
1686301359.3902674	460.93	838.64	8.57	13.37	0.0	0.0	-4.0	0.99	1299.57	11:02:39.37
1686301360.3954287	463.36	836.26	6.57	11.9	0.0	0.0	0.3	4.26	1299.62	11:02:40.37
1686301361.4007082	465.82	833.9	7.64	13.5	0.0	0.0	-2.14	0.44	1299.72	11:02:41.38
1686301362.7166526	469.2	830.51	8.04	12.97	0.0	0.0	-2.95	1.25	1299.71	11:02:42.70
1686301363.7215612	471.78	827.92	6.7	13.37	0.0	0.0	-0.11	-0.02	1299.6999999999998	11:02:43.70
1686301367.0260167	479.64	820.06	7.37	13.1	0.0	0.0	-1.61	0.17	1299.6999999999998	11:02:47.01
1686301368.0313168	481.9	817.74	6.44	11.63	0.0	0.0	0.24	3.5	1299.6399999999999	11:02:48.01
1686301369.3301888	484.77	814.89	7.1	14.44	0.0	0.0	-1.42	-2.91	1299.6599999999999	11:02:49.31
1686301370.3345907	486.98	812.7	7.37	13.37	0.0	0.0	-2.18	-0.37	1299.68	11:02:50.31
1686301371.3498125	489.19	810.47	7.37	13.9	0.0	0.0	-2.41	-1.54	1299.66	11:02:51.33
1686301373.6555002	494.55	805.11	6.44	12.7	0.0	0.0	-0.09	1.05	1299.66	11:02:53.64
1686301374.659978	496.92	802.74	5.64	13.77	0.0	0.0	1.82	-1.54	1299.66	11:02:54.64
1686301375.9582534	499.9	799.77	7.1	13.23	0.0	0.0	-1.41	-0.34	1299.67	11:02:55.94
1686301376.9619277	502.56	797.07	6.97	12.16	0.0	0.0	-0.83	1.68	1299.63	11:02:56.94
1686301377.966845	505.53	794.06	7.64	12.7	0.0	0.0	-1.95	-0.32	1299.59	11:02:57.94
1686301380.2654195	510.52	788.85	6.44	13.37	0.0	0.0	0.19	-1.89	1299.37	11:03:00.25
1686301381.2694607	512.71	786.56	7.1	11.9	0.0	0.0	-1.54	1.46	1299.27	11:03:01.25
1686301382.568174	515.51	783.63	6.84	11.76	0.0	0.0	-1.1	1.76	1299.1399999999999	11:03:02.55
1686301383.5723243	517.72	781.4	6.97	12.43	0.0	0.0	-1.46	0.25	1299.12	11:03:03.55
1686301384.576616	519.77	779.32	6.57	12.3	0.0	0.0	-0.69	0.73	1299.0900000000001	11:03:04.55
1686301385.8614423	523.04	776.07	7.51	13.1	0.0	0.0	-2.18	-1.49	1299.1100000000001	11:03:05.84
1686301386.8766344	525.36	773.74	7.37	12.97	0.0	0.0	-1.99	-1.21	1299.1	11:03:06.86
1686301387.8801167	527.62	771.47	6.97	12.83	0.0	0.0	-1.24	-0.91	1299.0900000000001	11:03:07.86
1686301389.199646	530.73	768.37	6.7	11.63	0.0	0.0	-0.59	1.74	1299.1	11:03:09.18
1686301390.2022786	533.45	765.66	7.24	11.76	0.0	0.0	-1.47	0.96	1299.1100000000001	11:03:10.18
1686301391.2063894	535.96	763.18	7.1	13.23	0.0	0.0	-1.01	-2.66	1299.1399999999999	11:03:11.19
1686301392.5058608	538.92	760.12	7.51	11.09	0.0	0.0	-2.08	2.15	1299.04	11:03:12.49
1686301393.5106988	541.18	757.9	7.1	11.76	0.0	0.0	-1.25	0.64	1299.08	11:03:13.49
1686301394.5161054	543.4	755.64	5.9	11.9	0.0	0.0	1.27	0.31	1299.04	11:03:14.49
1686301396.815449	548.94	750.08	6.97	11.76	0.0	0.0	-0.97	0.24	1299.02	11:03:16.80
1686301397.8205159	551.2	747.81	6.3	11.63	0.0	0.0	0.44	0.54	1299.01	11:03:17.80
1686301399.122223	554.23	744.82	7.51	11.63	0.0	0.0	-2.24	0.48	1299.0500000000002	11:03:19.10
1686301400.1268244	556.48	742.56	6.44	11.63	0.0	0.0	-0.02	0.46	1299.04	11:03:20.10
1686301401.1426885	558.82	740.23	7.1	11.76	0.0	0.0	-1.42	0.13	1299.0500000000002	11:03:21.12
1686301403.429098	564.2	734.82	5.24	11.09	0.0	0.0	2.87	1.39	1299.02	11:03:23.41
1686301404.446273	566.74	732.35	7.77	11.36	0.0	0.0	-2.59	0.6	1299.0900000000001	11:03:24.43
1686301406.737159	571.84	727.22	7.24	11.9	0.0	0.0	-1.65	-0.62	1299.06	11:03:26.71
1686301409.0532525	577.05	722.0	6.44	12.16	0.0	0.0	-0.0	-1.23	1299.05	11:03:29.04
1686301410.0582974	579.54	719.52	7.37	11.63	0.0	0.0	-1.94	-0.22	1299.06	11:03:30.04
1686301411.0629754	581.73	717.32	6.84	12.16	0.0	0.0	-0.9	-1.39	1299.0500000000002	11:03:31.04
1686301412.3568242	584.66	714.38	6.44	11.36	0.0	0.0	0.08	0.46	1299.04	11:03:32.34
1686301414.365849	589.22	709.85	6.7	10.96	0.0	0.0	-0.56	1.37	1299.0700000000002	11:03:34.34
1686301416.690824	594.45	704.65	6.84	12.7	0.0	0.0	-0.8	-2.6	1299.1	11:03:36.67
1686301420.014714	601.91	697.17	7.24	11.5	0.0	0.0	-1.75	0.18	1299.08	11:03:39.99
1686301421.0200267	603.6	695.5	6.7	10.83	0.0	0.0	-1.1	1.73	1299.1	11:03:41.00
1686301423.3166962	604.26	694.82	6.44	11.9	0.0	0.0	-0.68	-1.1	1299.08	11:03:43.30
1686301424.3219779	604.25	694.8	6.04	10.16	0.0	0.0	0.2	2.88	1299.05	11:03:44.30
1686301425.617158	604.25	694.81	6.3	11.23	0.0	0.0	-0.39	0.43	1299.06	11:03:45.60
1686301426.6215487	604.24	694.82	5.5	11.63	0.0	0.0	1.36	-0.49	1299.06	11:03:46.61
1686301427.626085	604.25	694.81	6.17	11.09	0.0	0.0	-0.1	0.74	1299.06	11:03:47.61
1686301429.94713	604.26	694.78	6.57	11.36	0.0	0.0	-0.97	0.09	1299.04	11:03:49.93
1686301430.951951	604.25	694.77	6.17	10.56	0.0	0.0	-0.1	1.93	1299.02	11:03:50.93
1686301433.2531774	604.25	694.78	6.04	11.09	0.0	0.0	0.2	0.71	1299.03	11:03:53.24
