LinuxTime	Length2	Length4	Tension2	Tension4	TargetLength2	TargetLength4	ErrLength2	ErrLength4	LengthTot	DayTime
1686671405.6160557	594.92	693.42	6.17	15.91	0.0	0.0	1.42	6.47	1288.34	17:50:05.60
1686671406.6201012	594.93	693.42	6.7	15.77	0.0	0.0	0.25	6.78	1288.35	17:50:06.60
1686671408.7812457	594.93	693.42	6.57	16.04	0.0	0.0	0.54	6.17	1288.35	17:50:08.76
1686671409.7853947	594.93	693.41	6.44	15.24	0.0	0.0	0.83	8.01	1288.34	17:50:09.76
1686671411.0777178	594.93	693.41	6.44	15.1	0.0	0.0	0.83	8.31	1288.34	17:50:11.06
1686671412.0819137	594.93	693.43	6.44	16.44	0.0	0.0	0.83	5.25	1288.36	17:50:12.07
1686671413.085699	594.92	693.42	5.77	15.37	0.0	0.0	2.29	7.7	1288.34	17:50:13.07
1686671414.30267	594.93	693.42	6.44	15.37	0.0	0.0	0.83	7.7	1288.35	17:50:14.29
1686671415.3055513	594.92	693.43	6.04	16.44	0.0	0.0	1.71	5.25	1288.35	17:50:15.29
1686671416.309915	594.93	693.41	6.7	15.24	0.0	0.0	0.25	8.01	1288.34	17:50:16.29
1686671417.5276108	594.92	693.42	6.3	15.77	0.0	0.0	1.13	6.78	1288.34	17:50:17.51
1686671418.5324872	594.92	693.42	6.04	15.51	0.0	0.0	1.71	7.39	1288.34	17:50:18.52
1686671420.73317	594.93	693.41	6.57	15.24	0.0	0.0	0.54	8.01	1288.34	17:50:20.72
1686671421.736368	594.92	693.42	6.17	15.91	0.0	0.0	1.42	6.47	1288.34	17:50:21.72
1686671422.7400217	594.93	693.42	6.57	15.51	0.0	0.0	0.54	7.39	1288.35	17:50:22.72
1686671423.941139	594.93	693.42	6.44	15.37	0.0	0.0	0.83	7.7	1288.35	17:50:23.92
1686671424.9457297	594.93	693.41	6.97	14.7	0.0	0.0	-0.33	9.23	1288.34	17:50:24.93
1686671425.949823	594.92	693.42	6.17	15.77	0.0	0.0	1.42	6.78	1288.34	17:50:25.93
1686671427.1640465	594.92	693.43	5.9	16.71	0.0	0.0	2.0	4.63	1288.35	17:50:27.15
1686671428.1678615	594.92	693.43	5.9	16.57	0.0	0.0	2.0	4.94	1288.35	17:50:28.15
1686671429.1721575	594.93	693.42	6.44	15.64	0.0	0.0	0.83	7.09	1288.35	17:50:29.15
1686671431.3885884	594.93	693.43	6.44	16.17	0.0	0.0	0.83	5.86	1288.36	17:50:31.37
1686671432.3924842	594.92	693.42	5.9	15.37	0.0	0.0	2.0	7.7	1288.34	17:50:32.38
1686671433.5921915	594.93	693.42	6.57	16.04	0.0	0.0	0.54	6.17	1288.35	17:50:33.58
1686671434.5965521	594.96	693.38	6.57	15.24	0.0	0.0	0.57	7.97	1288.3400000000001	17:50:34.58
1686671437.8035915	595.0	693.37	7.1	16.31	0.0	0.0	-0.56	5.49	1288.37	17:50:37.78
1686671438.8076475	594.97	693.35	5.64	15.1	0.0	0.0	2.65	8.25	1288.3200000000002	17:50:38.79
1686671440.0132265	594.98	693.35	5.77	15.1	0.0	0.0	2.35	8.25	1288.33	17:50:39.99
1686671441.0254295	594.99	693.36	6.57	15.77	0.0	0.0	0.6	6.72	1288.35	17:50:41.01
1686671442.0298927	594.99	693.36	6.44	15.77	0.0	0.0	0.89	6.72	1288.35	17:50:42.01
1686671443.235882	594.99	693.35	6.57	15.1	0.0	0.0	0.6	8.25	1288.3400000000001	17:50:43.21
1686671444.239103	594.99	693.35	6.7	15.24	0.0	0.0	0.31	7.94	1288.3400000000001	17:50:44.21
1686671445.2511787	594.99	693.36	6.57	15.51	0.0	0.0	0.6	7.33	1288.35	17:50:45.24
1686671446.4504604	594.99	693.36	6.7	15.77	0.0	0.0	0.31	6.72	1288.35	17:50:46.44
1686671447.4544497	594.98	693.37	6.3	16.31	0.0	0.0	1.19	5.49	1288.35	17:50:47.44
1686671448.4577346	594.99	693.36	6.57	15.64	0.0	0.0	0.6	7.02	1288.35	17:50:48.44
1686671451.6657577	594.99	693.37	6.57	16.31	0.0	0.0	0.6	5.49	1288.3600000000001	17:50:51.65
1686671452.8828137	594.99	693.35	6.57	15.24	0.0	0.0	0.6	7.94	1288.3400000000001	17:50:52.87
1686671453.885545	594.98	693.35	6.04	15.24	0.0	0.0	1.77	7.94	1288.33	17:50:53.87
1686671454.8886619	594.98	693.36	5.9	15.64	0.0	0.0	2.06	7.02	1288.3400000000001	17:50:54.87
1686671456.106044	594.98	693.36	6.3	15.37	0.0	0.0	1.19	7.64	1288.3400000000001	17:50:56.09
1686671457.1098957	594.98	693.35	6.3	15.24	0.0	0.0	1.19	7.94	1288.33	17:50:57.09
1686671458.114063	595.0	693.36	7.1	15.64	0.0	0.0	-0.56	7.02	1288.3600000000001	17:50:58.10
1686671459.3115623	595.0	693.35	7.24	15.24	0.0	0.0	-0.86	7.94	1288.35	17:50:59.30
1686671460.314632	594.99	693.36	6.57	15.37	0.0	0.0	0.6	7.64	1288.35	17:51:00.30
1686671461.3173387	594.99	693.35	6.44	14.97	0.0	0.0	0.89	8.56	1288.3400000000001	17:51:01.30
1686671462.5163145	594.99	693.36	6.44	16.04	0.0	0.0	0.89	6.1	1288.35	17:51:02.50
1686671463.5191755	594.98	693.36	6.04	15.64	0.0	0.0	1.77	7.02	1288.3400000000001	17:51:03.50
1686671464.5227854	594.97	693.36	5.5	15.37	0.0	0.0	2.94	7.64	1288.33	17:51:04.51
1686671466.72871	594.98	693.35	6.3	14.97	0.0	0.0	1.19	8.56	1288.33	17:51:06.71
1686671467.7323334	594.99	693.35	6.84	15.24	0.0	0.0	0.02	7.94	1288.3400000000001	17:51:07.71
1686671469.95704	594.99	693.35	6.44	14.97	0.0	0.0	0.89	8.56	1288.3400000000001	17:51:09.94
1686671470.9616485	594.99	693.35	6.84	15.24	0.0	0.0	0.02	7.94	1288.3400000000001	17:51:10.94
1686671473.1842785	594.98	693.36	5.77	15.51	0.0	0.0	2.35	7.33	1288.3400000000001	17:51:13.16
1686671474.194998	594.97	693.35	5.64	15.24	0.0	0.0	2.65	7.94	1288.3200000000002	17:51:14.18
1686671475.4170501	595.0	693.36	7.24	15.51	0.0	0.0	-0.86	7.33	1288.3600000000001	17:51:15.40
1686671476.4205146	594.99	693.36	6.97	15.77	0.0	0.0	-0.27	6.72	1288.35	17:51:16.40
1686671477.424814	594.99	693.37	6.44	16.31	0.0	0.0	0.89	5.49	1288.3600000000001	17:51:17.41
1686671478.6416583	594.98	693.36	5.9	15.37	0.0	0.0	2.06	7.64	1288.3400000000001	17:51:18.63
1686671479.6463463	594.99	693.37	6.44	16.17	0.0	0.0	0.89	5.8	1288.3600000000001	17:51:19.63
1686671482.858991	594.97	693.36	5.64	15.51	0.0	0.0	2.65	7.33	1288.33	17:51:22.83
1686671483.869659	594.97	693.36	5.5	15.37	0.0	0.0	2.94	7.64	1288.33	17:51:23.86
1686671485.0798764	594.98	693.35	6.17	14.97	0.0	0.0	1.48	8.56	1288.33	17:51:25.06
1686671486.0840166	594.97	693.34	5.64	14.57	0.0	0.0	2.65	9.48	1288.31	17:51:26.06
1686671487.0951996	594.99	693.35	6.7	15.24	0.0	0.0	0.31	7.94	1288.3400000000001	17:51:27.08
1686671488.3077455	595.0	693.36	7.1	15.91	0.0	0.0	-0.56	6.41	1288.3600000000001	17:51:28.28
1686671489.318466	594.98	693.36	5.9	15.91	0.0	0.0	2.06	6.41	1288.3400000000001	17:51:29.30
1686671490.3217773	594.98	693.36	5.77	15.37	0.0	0.0	2.35	7.64	1288.3400000000001	17:51:30.31
1686671492.5523567	594.99	693.36	6.57	15.64	0.0	0.0	0.6	7.02	1288.35	17:51:32.53
1686671493.554855	594.99	693.35	6.57	14.7	0.0	0.0	0.6	9.17	1288.3400000000001	17:51:33.53
1686671494.789509	594.99	693.35	6.84	15.24	0.0	0.0	0.02	7.94	1288.3400000000001	17:51:34.77
1686671495.793308	594.99	693.36	6.84	15.64	0.0	0.0	0.02	7.02	1288.35	17:51:35.77
1686671498.021112	594.98	693.36	6.04	15.64	0.0	0.0	1.77	7.02	1288.3400000000001	17:51:38.00
1686671499.0330102	594.99	693.36	6.57	15.37	0.0	0.0	0.6	7.64	1288.35	17:51:39.02
1686671500.0366108	594.99	693.36	6.57	15.37	0.0	0.0	0.6	7.64	1288.35	17:51:40.02
1686671501.2555473	594.98	693.35	5.9	15.24	0.0	0.0	2.06	7.94	1288.33	17:51:41.24
1686671502.2590864	594.99	693.35	6.57	15.24	0.0	0.0	0.6	7.94	1288.3400000000001	17:51:42.24
1686671503.2635667	594.99	693.36	6.57	15.37	0.0	0.0	0.6	7.64	1288.35	17:51:43.24
1686671504.4991457	594.99	693.35	6.7	15.24	0.0	0.0	0.31	7.94	1288.3400000000001	17:51:44.49
1686671505.502742	594.99	693.36	6.44	15.51	0.0	0.0	0.89	7.33	1288.35	17:51:45.49
1686671506.5066388	594.99	693.36	6.57	15.51	0.0	0.0	0.6	7.33	1288.35	17:51:46.49
1686671508.7301128	594.99	693.36	6.84	15.64	0.0	0.0	0.02	7.02	1288.35	17:51:48.71
1686671509.7336378	594.98	693.36	6.3	15.37	0.0	0.0	1.19	7.64	1288.3400000000001	17:51:49.71
1686671510.9695976	594.98	693.36	6.17	15.51	0.0	0.0	1.48	7.33	1288.3400000000001	17:51:50.96
1686671511.9731057	594.98	693.36	6.3	15.37	0.0	0.0	1.19	7.64	1288.3400000000001	17:51:51.96
1686671512.9773455	594.98	693.36	6.17	15.77	0.0	0.0	1.48	6.72	1288.3400000000001	17:51:52.96
1686671514.2058363	594.99	693.35	6.44	15.1	0.0	0.0	0.89	8.25	1288.3400000000001	17:51:54.18
1686671515.2175307	594.98	693.36	5.9	15.51	0.0	0.0	2.06	7.33	1288.3400000000001	17:51:55.20
1686671516.2214885	594.99	693.35	6.44	14.97	0.0	0.0	0.89	8.56	1288.3400000000001	17:51:56.20
1686671517.4385853	594.99	693.36	6.7	15.91	0.0	0.0	0.31	6.41	1288.35	17:51:57.43
1686671518.4420173	594.98	693.37	6.17	16.17	0.0	0.0	1.48	5.8	1288.35	17:51:58.43
1686671519.4456758	594.99	693.36	6.57	15.51	0.0	0.0	0.6	7.33	1288.35	17:51:59.43
1686671520.6722102	594.99	693.36	6.57	15.37	0.0	0.0	0.6	7.64	1288.35	17:52:00.65
1686671521.674708	594.98	693.36	6.3	15.37	0.0	0.0	1.19	7.64	1288.3400000000001	17:52:01.65
1686671522.6789193	594.99	693.35	6.7	15.1	0.0	0.0	0.31	8.25	1288.3400000000001	17:52:02.65
1686671524.9130566	594.98	693.36	5.77	15.51	0.0	0.0	2.35	7.33	1288.3400000000001	17:52:04.90
1686671525.917016	594.99	693.36	6.97	15.77	0.0	0.0	-0.27	6.72	1288.35	17:52:05.90
1686671527.1447487	594.98	693.36	6.3	15.37	0.0	0.0	1.19	7.64	1288.3400000000001	17:52:07.12
1686671529.1591365	594.98	693.35	6.3	14.7	0.0	0.0	1.19	9.17	1288.33	17:52:09.14
1686671531.3727775	594.99	693.36	6.97	15.77	0.0	0.0	-0.27	6.72	1288.35	17:52:11.35
1686671532.3850412	595.0	693.36	7.1	15.51	0.0	0.0	-0.56	7.33	1288.3600000000001	17:52:12.37
1686671535.599866	594.98	693.36	5.9	15.37	0.0	0.0	2.06	7.64	1288.3400000000001	17:52:15.57
1686671536.8296006	594.98	693.35	5.9	15.24	0.0	0.0	2.06	7.94	1288.33	17:52:16.82
1686671537.8337498	594.98	693.37	6.17	16.31	0.0	0.0	1.48	5.49	1288.35	17:52:17.82
1686671538.837936	594.98	693.35	6.3	14.97	0.0	0.0	1.19	8.56	1288.33	17:52:18.82
1686671540.054289	594.98	693.36	6.3	15.64	0.0	0.0	1.19	7.02	1288.3400000000001	17:52:20.04
1686671541.0589268	595.0	693.35	7.1	15.1	0.0	0.0	-0.56	8.25	1288.35	17:52:21.04
1686671542.0632684	594.98	693.36	6.04	15.37	0.0	0.0	1.77	7.64	1288.3400000000001	17:52:22.05
1686671543.2801554	594.99	693.36	6.44	15.51	0.0	0.0	0.89	7.33	1288.35	17:52:23.27
1686671545.2855551	594.98	693.37	5.77	16.31	0.0	0.0	2.35	5.49	1288.35	17:52:25.27
1686671547.5074553	594.99	693.34	6.57	14.57	0.0	0.0	0.6	9.48	1288.33	17:52:27.49
1686671548.5105631	594.98	693.35	6.04	15.24	0.0	0.0	1.77	7.94	1288.33	17:52:28.50
1686671549.729883	594.98	693.36	6.04	15.51	0.0	0.0	1.77	7.33	1288.3400000000001	17:52:29.72
1686671550.7335372	594.99	693.36	6.44	15.37	0.0	0.0	0.89	7.64	1288.35	17:52:30.72
1686671551.73674	594.99	693.36	6.57	15.37	0.0	0.0	0.6	7.64	1288.35	17:52:31.72
1686671552.9556034	594.98	693.37	6.3	16.31	0.0	0.0	1.19	5.49	1288.35	17:52:32.94
1686671553.9602172	594.97	693.35	5.64	15.24	0.0	0.0	2.65	7.94	1288.3200000000002	17:52:33.94
1686671558.1923313	594.99	693.36	6.57	15.37	0.0	0.0	0.6	7.64	1288.35	17:52:38.17
1686671559.4173968	594.98	693.35	5.9	15.24	0.0	0.0	2.06	7.94	1288.33	17:52:39.39
1686671560.4282942	594.98	693.36	6.04	15.51	0.0	0.0	1.77	7.33	1288.3400000000001	17:52:40.41
1686671562.6601145	594.98	693.36	6.3	15.37	0.0	0.0	1.19	7.64	1288.3400000000001	17:52:42.64
1686671563.6630583	594.97	693.36	5.64	15.37	0.0	0.0	2.65	7.64	1288.33	17:52:43.64
1686671564.675324	594.98	693.36	5.77	15.91	0.0	0.0	2.35	6.41	1288.3400000000001	17:52:44.66
1686671565.8956954	594.99	693.36	6.7	15.51	0.0	0.0	0.31	7.33	1288.35	17:52:45.88
1686671567.9027827	594.98	693.36	6.3	15.64	0.0	0.0	1.19	7.02	1288.3400000000001	17:52:47.89
1686671570.1278408	594.98	693.36	6.17	15.37	0.0	0.0	1.48	7.64	1288.3400000000001	17:52:50.11
1686671571.1314394	594.99	693.36	6.44	15.77	0.0	0.0	0.89	6.72	1288.35	17:52:51.11
1686671572.35693	595.0	693.36	7.24	15.77	0.0	0.0	-0.86	6.72	1288.3600000000001	17:52:52.33
1686671573.3672426	594.98	693.34	6.17	14.57	0.0	0.0	1.48	9.48	1288.3200000000002	17:52:53.35
1686671574.3706675	594.99	693.36	6.84	15.64	0.0	0.0	0.02	7.02	1288.35	17:52:54.36
1686671577.6055012	594.97	693.36	5.5	15.77	0.0	0.0	2.94	6.72	1288.33	17:52:57.58
1686671578.8352726	594.99	693.36	6.57	15.91	0.0	0.0	0.6	6.41	1288.35	17:52:58.82
1686671579.8380435	594.98	693.37	6.3	16.31	0.0	0.0	1.19	5.49	1288.35	17:52:59.82
1686671580.8412368	594.99	693.35	6.7	15.1	0.0	0.0	0.31	8.25	1288.3400000000001	17:53:00.83
1686671582.0647264	594.98	693.37	6.04	16.17	0.0	0.0	1.77	5.8	1288.35	17:53:02.05
1686671584.0705369	594.98	693.35	5.77	15.1	0.0	0.0	2.35	8.25	1288.33	17:53:04.05
1686671585.3245404	595.0	693.35	7.1	15.24	0.0	0.0	-0.56	7.94	1288.35	17:53:05.31
1686671586.3281941	594.99	693.35	6.44	14.97	0.0	0.0	0.89	8.56	1288.3400000000001	17:53:06.31
1686671587.3314004	594.99	693.35	6.44	15.1	0.0	0.0	0.89	8.25	1288.3400000000001	17:53:07.31
1686671588.5699584	594.98	693.34	6.3	14.57	0.0	0.0	1.19	9.48	1288.3200000000002	17:53:08.56
1686671589.5731144	594.99	693.36	6.84	15.64	0.0	0.0	0.02	7.02	1288.35	17:53:09.56
1686671590.5772886	594.98	693.36	6.3	15.51	0.0	0.0	1.19	7.33	1288.3400000000001	17:53:10.56
1686671591.7966073	594.99	693.35	6.57	15.24	0.0	0.0	0.6	7.94	1288.3400000000001	17:53:11.78
1686671592.8004014	594.99	693.36	6.44	15.37	0.0	0.0	0.89	7.64	1288.35	17:53:12.78
1686671595.0307035	594.98	693.33	6.3	15.51	0.0	0.0	1.19	7.3	1288.31	17:53:15.01
1686671596.03288	594.99	693.33	6.7	15.77	0.0	0.0	0.31	6.69	1288.3200000000002	17:53:16.01
1686671597.0431519	595.0	693.32	7.1	15.1	0.0	0.0	-0.56	8.22	1288.3200000000002	17:53:17.03
1686671599.2714868	594.98	693.33	5.9	15.51	0.0	0.0	2.06	7.3	1288.31	17:53:19.25
1686671600.2759461	594.97	693.32	5.64	15.1	0.0	0.0	2.65	8.22	1288.29	17:53:20.26
1686671602.514127	594.99	693.32	6.57	15.37	0.0	0.0	0.6	7.61	1288.31	17:53:22.50
1686671603.5178854	594.99	693.33	6.44	15.64	0.0	0.0	0.89	6.99	1288.3200000000002	17:53:23.50
1686671606.749072	594.99	693.34	6.44	16.17	0.0	0.0	0.89	5.77	1288.33	17:53:26.72
1686671607.9799793	594.98	693.32	5.9	15.37	0.0	0.0	2.06	7.61	1288.3000000000002	17:53:27.97
1686671609.9866393	594.99	693.32	6.57	14.7	0.0	0.0	0.6	9.14	1288.31	17:53:29.97
1686671612.2320685	594.97	693.32	5.5	14.97	0.0	0.0	2.94	8.53	1288.29	17:53:32.21
1686671613.2357404	594.97	693.34	5.5	16.17	0.0	0.0	2.94	5.77	1288.31	17:53:33.22
1686671614.4700582	594.98	693.32	5.77	15.1	0.0	0.0	2.35	8.22	1288.3000000000002	17:53:34.46
1686671615.473746	594.99	693.32	6.57	15.37	0.0	0.0	0.6	7.61	1288.31	17:53:35.46
1686671616.4781008	594.98	693.33	6.04	15.51	0.0	0.0	1.77	7.3	1288.31	17:53:36.46
1686671617.7154262	594.98	693.32	6.3	15.1	0.0	0.0	1.19	8.22	1288.3000000000002	17:53:37.70
1686671619.721272	594.97	693.32	5.64	15.37	0.0	0.0	2.65	7.61	1288.29	17:53:39.70
1686671620.9472868	594.99	693.33	6.44	15.51	0.0	0.0	0.89	7.3	1288.3200000000002	17:53:40.93
1686671621.9512973	594.99	693.34	6.57	16.31	0.0	0.0	0.6	5.46	1288.33	17:53:41.93
1686671622.9542484	595.0	693.33	7.1	15.51	0.0	0.0	-0.56	7.3	1288.33	17:53:42.93
1686671625.1953924	594.99	693.32	6.57	15.24	0.0	0.0	0.6	7.91	1288.31	17:53:45.17
1686671626.1996958	594.97	693.34	5.64	16.17	0.0	0.0	2.65	5.77	1288.31	17:53:46.17
1686671627.4408133	594.98	693.31	6.3	14.57	0.0	0.0	1.19	9.45	1288.29	17:53:47.42
1686671628.4442585	594.98	693.32	6.3	15.24	0.0	0.0	1.19	7.91	1288.3000000000002	17:53:48.42
1686671629.4550192	594.99	693.33	6.44	15.91	0.0	0.0	0.89	6.38	1288.3200000000002	17:53:49.44
1686671630.6827195	594.98	693.34	6.3	16.17	0.0	0.0	1.19	5.77	1288.3200000000002	17:53:50.66
1686671631.6851966	594.99	693.33	6.7	15.64	0.0	0.0	0.31	6.99	1288.3200000000002	17:53:51.66
1686671633.9396608	594.99	693.34	6.7	16.31	0.0	0.0	0.31	5.46	1288.33	17:53:53.93
1686671634.9436662	594.98	693.34	6.3	16.17	0.0	0.0	1.19	5.77	1288.3200000000002	17:53:54.93
1686671635.9476411	594.99	693.32	6.57	15.1	0.0	0.0	0.6	8.22	1288.31	17:53:55.93
1686671637.1842332	594.98	693.32	6.17	15.24	0.0	0.0	1.48	7.91	1288.3000000000002	17:53:57.17
1686671638.1874352	594.99	693.32	6.7	15.24	0.0	0.0	0.31	7.91	1288.31	17:53:58.17
1686671639.1910505	594.97	693.34	5.64	16.31	0.0	0.0	2.65	5.46	1288.31	17:53:59.17
1686671640.429547	594.98	693.32	6.04	14.84	0.0	0.0	1.77	8.83	1288.3000000000002	17:54:00.42
1686671641.4319203	594.99	693.33	6.44	15.51	0.0	0.0	0.89	7.3	1288.3200000000002	17:54:01.42
1686671642.4349208	594.99	693.34	6.44	16.31	0.0	0.0	0.89	5.46	1288.33	17:54:02.42
1686671644.680723	594.99	693.33	6.84	15.64	0.0	0.0	0.02	6.99	1288.3200000000002	17:54:04.66
1686671645.6843443	594.99	693.34	6.57	16.31	0.0	0.0	0.6	5.46	1288.33	17:54:05.66
1686671646.9244788	594.98	693.32	6.3	15.1	0.0	0.0	1.19	8.22	1288.3000000000002	17:54:06.91
1686671647.928626	594.99	693.32	6.44	15.24	0.0	0.0	0.89	7.91	1288.31	17:54:07.91
1686671648.9329314	594.99	693.32	6.57	14.7	0.0	0.0	0.6	9.14	1288.31	17:54:08.91
1686671651.175201	594.99	693.33	6.84	15.64	0.0	0.0	0.02	6.99	1288.3200000000002	17:54:11.15
1686671652.1790936	594.98	693.33	5.9	15.91	0.0	0.0	2.06	6.38	1288.31	17:54:12.16
1686671654.4150088	594.99	693.32	6.84	15.24	0.0	0.0	0.02	7.91	1288.31	17:54:14.40
1686671655.4184532	594.99	693.33	6.57	15.77	0.0	0.0	0.6	6.69	1288.3200000000002	17:54:15.40
1686671656.6562157	594.98	693.33	6.04	15.64	0.0	0.0	1.77	6.99	1288.31	17:54:16.64
1686671657.6602237	594.98	693.32	6.3	15.37	0.0	0.0	1.19	7.61	1288.3000000000002	17:54:17.64
1686671658.6649542	594.99	693.32	6.84	14.97	0.0	0.0	0.02	8.53	1288.31	17:54:18.65
1686671660.9031096	594.99	693.32	6.84	14.84	0.0	0.0	0.02	8.83	1288.31	17:54:20.89
1686671661.9075375	594.97	693.33	5.64	15.51	0.0	0.0	2.65	7.3	1288.3000000000002	17:54:21.89
1686671663.1256764	594.99	693.32	6.57	14.7	0.0	0.0	0.6	9.14	1288.31	17:54:23.11
1686671664.1308792	594.98	693.33	6.17	15.64	0.0	0.0	1.48	6.99	1288.31	17:54:24.11
1686671665.133978	594.99	693.33	6.57	15.51	0.0	0.0	0.6	7.3	1288.3200000000002	17:54:25.12
1686671666.371064	595.0	693.33	7.1	15.64	0.0	0.0	-0.56	6.99	1288.33	17:54:26.36
1686671667.3749154	594.98	693.32	5.9	15.1	0.0	0.0	2.06	8.22	1288.3000000000002	17:54:27.36
1686671668.3791845	594.98	693.32	6.17	15.37	0.0	0.0	1.48	7.61	1288.3000000000002	17:54:28.36
1686671670.6037688	594.99	693.32	6.7	15.37	0.0	0.0	0.31	7.61	1288.31	17:54:30.58
1686671671.6079497	594.97	693.32	5.64	15.37	0.0	0.0	2.65	7.61	1288.29	17:54:31.59
1686671672.8306394	594.99	693.31	6.57	14.57	0.0	0.0	0.6	9.45	1288.3	17:54:32.81
1686671673.8335028	594.99	693.32	6.57	15.1	0.0	0.0	0.6	8.22	1288.31	17:54:33.81
1686671674.8453264	594.98	693.33	5.77	15.51	0.0	0.0	2.35	7.3	1288.31	17:54:34.83
1686671676.065224	594.99	693.32	6.44	15.37	0.0	0.0	0.89	7.61	1288.31	17:54:36.05
1686671677.0689085	594.99	693.32	6.44	15.24	0.0	0.0	0.89	7.91	1288.31	17:54:37.05
1686671678.0725057	594.98	693.33	6.17	15.51	0.0	0.0	1.48	7.3	1288.31	17:54:38.06
1686671680.298049	594.99	693.32	6.84	14.7	0.0	0.0	0.02	9.14	1288.31	17:54:40.28
1686671681.30146	594.98	693.32	6.3	15.1	0.0	0.0	1.19	8.22	1288.3000000000002	17:54:41.28
1686671682.5466573	594.99	693.32	6.57	14.97	0.0	0.0	0.6	8.53	1288.31	17:54:42.52
1686671683.5578997	594.98	693.32	5.77	14.84	0.0	0.0	2.35	8.83	1288.3000000000002	17:54:43.54
1686671684.5616446	595.0	693.33	7.1	15.64	0.0	0.0	-0.56	6.99	1288.33	17:54:44.55
1686671686.7905295	594.99	693.32	6.84	15.37	0.0	0.0	0.02	7.61	1288.31	17:54:46.77
1686671687.7940526	594.99	693.32	6.57	15.37	0.0	0.0	0.6	7.61	1288.31	17:54:47.77
1686671690.029748	594.99	693.34	6.97	16.17	0.0	0.0	-0.27	5.77	1288.33	17:54:50.01
1686671691.0338192	594.97	693.32	5.5	15.24	0.0	0.0	2.94	7.91	1288.29	17:54:51.02
1686671693.273635	594.98	693.32	5.9	14.84	0.0	0.0	2.06	8.83	1288.3000000000002	17:54:53.26
1686671694.2777789	594.98	693.32	5.9	15.1	0.0	0.0	2.06	8.22	1288.3000000000002	17:54:54.26
1686671696.5183153	594.99	693.32	6.84	15.24	0.0	0.0	0.02	7.91	1288.31	17:54:56.50
1686671697.52209	594.99	693.33	6.84	15.64	0.0	0.0	0.02	6.99	1288.3200000000002	17:54:57.51
1686671699.7524774	594.99	693.33	6.84	15.51	0.0	0.0	0.02	7.3	1288.3200000000002	17:54:59.73
1686671701.9936373	594.99	693.33	6.57	15.64	0.0	0.0	0.6	6.99	1288.3200000000002	17:55:01.97
1686671702.9980772	594.98	693.32	6.04	15.37	0.0	0.0	1.77	7.61	1288.3000000000002	17:55:02.97
1686671704.009761	594.99	693.32	6.57	15.1	0.0	0.0	0.6	8.22	1288.31	17:55:04.00
1686671706.2415845	595.0	693.32	7.1	14.97	0.0	0.0	-0.56	8.53	1288.3200000000002	17:55:06.22
1686671707.2461207	594.98	693.32	6.3	14.7	0.0	0.0	1.19	9.14	1288.3000000000002	17:55:07.22
1686671709.4838464	594.99	693.33	6.84	15.51	0.0	0.0	0.02	7.3	1288.3200000000002	17:55:09.46
1686671710.487747	594.99	693.33	6.57	16.04	0.0	0.0	0.6	6.07	1288.3200000000002	17:55:10.47
1686671711.7411702	594.99	693.32	6.44	14.84	0.0	0.0	0.89	8.83	1288.31	17:55:11.73
1686671712.7461913	594.99	693.34	6.7	16.31	0.0	0.0	0.31	5.46	1288.33	17:55:12.73
1686671713.7497046	594.99	693.34	6.97	16.17	0.0	0.0	-0.27	5.77	1288.33	17:55:13.73
1686671714.9860592	594.99	693.32	6.57	15.24	0.0	0.0	0.6	7.91	1288.31	17:55:14.97
1686671715.9898837	594.98	693.33	6.17	16.04	0.0	0.0	1.48	6.07	1288.31	17:55:15.97
1686671716.9938447	594.99	693.32	6.57	15.37	0.0	0.0	0.6	7.61	1288.31	17:55:16.98
1686671718.230173	594.99	693.33	6.7	15.77	0.0	0.0	0.31	6.69	1288.3200000000002	17:55:18.22
1686671719.2335105	594.99	693.32	6.7	15.37	0.0	0.0	0.31	7.61	1288.31	17:55:19.22
1686671721.4745388	594.98	693.33	6.3	15.64	0.0	0.0	1.19	6.99	1288.31	17:55:21.46
1686671722.478753	594.99	693.32	6.57	15.24	0.0	0.0	0.6	7.91	1288.31	17:55:22.46
1686671723.4824474	594.99	693.33	6.57	15.64	0.0	0.0	0.6	6.99	1288.3200000000002	17:55:23.47
1686671724.723521	594.99	693.32	6.44	15.1	0.0	0.0	0.89	8.22	1288.31	17:55:24.71
1686671725.7284057	594.98	693.32	6.17	15.1	0.0	0.0	1.48	8.22	1288.3000000000002	17:55:25.71
1686671726.7334557	594.99	693.32	6.7	15.1	0.0	0.0	0.31	8.22	1288.31	17:55:26.71
1686671727.9854608	594.99	693.32	6.7	14.7	0.0	0.0	0.31	9.14	1288.31	17:55:27.97
1686671728.989209	594.98	693.33	5.9	15.64	0.0	0.0	2.06	6.99	1288.31	17:55:28.97
1686671729.9941583	595.0	693.32	7.24	15.1	0.0	0.0	-0.86	8.22	1288.3200000000002	17:55:29.98
1686671731.2216837	594.98	693.33	6.3	15.77	0.0	0.0	1.19	6.69	1288.31	17:55:31.20
1686671732.2330973	594.98	693.32	6.3	15.37	0.0	0.0	1.19	7.61	1288.3000000000002	17:55:32.22
1686671733.2370377	594.98	693.32	6.3	14.97	0.0	0.0	1.19	8.53	1288.3000000000002	17:55:33.22
1686671735.4674287	594.99	693.32	6.57	14.7	0.0	0.0	0.6	9.14	1288.31	17:55:35.44
1686671736.479244	594.99	693.33	6.97	15.51	0.0	0.0	-0.27	7.3	1288.3200000000002	17:55:36.46
1686671737.7281666	594.98	693.33	5.9	15.51	0.0	0.0	2.06	7.3	1288.31	17:55:37.71
1686671738.73141	594.99	693.33	6.44	15.64	0.0	0.0	0.89	6.99	1288.3200000000002	17:55:38.71
1686671739.7348874	594.99	693.32	6.84	15.1	0.0	0.0	0.02	8.22	1288.31	17:55:39.71
1686671741.9879718	594.98	693.32	5.77	15.1	0.0	0.0	2.35	8.22	1288.3000000000002	17:55:41.97
1686671742.9923978	594.98	693.33	5.77	15.64	0.0	0.0	2.35	6.99	1288.31	17:55:42.97
1686671745.2237945	594.99	693.32	6.7	15.24	0.0	0.0	0.31	7.91	1288.31	17:55:45.20
1686671746.2344987	594.98	693.32	6.3	15.24	0.0	0.0	1.19	7.91	1288.3000000000002	17:55:46.22
1686671747.4619598	594.98	693.32	6.04	14.84	0.0	0.0	1.77	8.83	1288.3000000000002	17:55:47.44
1686671748.4662597	594.98	693.32	5.77	15.24	0.0	0.0	2.35	7.91	1288.3000000000002	17:55:48.44
1686671749.4698553	594.99	693.32	6.84	14.7	0.0	0.0	0.02	9.14	1288.31	17:55:49.44
1686671750.7202075	594.99	693.33	6.57	15.77	0.0	0.0	0.6	6.69	1288.3200000000002	17:55:50.71
1686671751.723097	594.98	693.32	6.04	15.24	0.0	0.0	1.77	7.91	1288.3000000000002	17:55:51.71
1686671752.7264707	594.98	693.33	6.3	15.64	0.0	0.0	1.19	6.99	1288.31	17:55:52.71
1686671753.9652798	594.97	693.32	5.64	14.97	0.0	0.0	2.65	8.53	1288.29	17:55:53.95
1686671755.9711215	595.0	693.34	7.1	16.17	0.0	0.0	-0.56	5.77	1288.3400000000001	17:55:55.96
1686671758.2195501	594.99	693.32	6.57	14.7	0.0	0.0	0.6	9.14	1288.31	17:55:58.20
1686671759.2233107	594.98	693.32	6.3	15.1	0.0	0.0	1.19	8.22	1288.3000000000002	17:55:59.20
1686671760.4866111	594.99	693.32	6.44	15.24	0.0	0.0	0.89	7.91	1288.31	17:56:00.46
1686671761.4899101	594.98	693.32	6.3	14.97	0.0	0.0	1.19	8.53	1288.3000000000002	17:56:01.46
1686671762.5008936	594.98	693.32	6.17	15.37	0.0	0.0	1.48	7.61	1288.3000000000002	17:56:02.49
1686671764.7461863	594.99	693.32	6.7	14.7	0.0	0.0	0.31	9.14	1288.31	17:56:04.73
1686671766.9960916	594.99	693.32	6.57	15.37	0.0	0.0	0.6	7.61	1288.31	17:56:06.97
1686671767.9998884	594.99	693.33	6.57	15.64	0.0	0.0	0.6	6.99	1288.3200000000002	17:56:07.97
1686671769.0109231	594.99	693.32	6.97	15.24	0.0	0.0	-0.27	7.91	1288.31	17:56:09.00
1686671770.2521312	594.99	693.33	6.44	15.64	0.0	0.0	0.89	6.99	1288.3200000000002	17:56:10.24
1686671771.2561505	594.99	693.32	6.84	14.84	0.0	0.0	0.02	8.83	1288.31	17:56:11.24
1686671772.2619486	594.97	693.32	5.64	15.37	0.0	0.0	2.65	7.61	1288.29	17:56:12.24
1686671773.5067058	594.99	693.32	6.84	15.24	0.0	0.0	0.02	7.91	1288.31	17:56:13.48
1686671774.5090632	594.99	693.32	6.57	15.1	0.0	0.0	0.6	8.22	1288.31	17:56:14.49
1686671776.7620044	594.99	693.31	6.57	14.57	0.0	0.0	0.6	9.45	1288.3	17:56:16.75
1686671777.7657514	594.99	693.32	6.57	15.37	0.0	0.0	0.6	7.61	1288.31	17:56:17.75
1686671778.7694848	594.99	693.33	6.57	15.77	0.0	0.0	0.6	6.69	1288.3200000000002	17:56:18.75
1686671780.0185335	594.98	693.33	6.17	15.64	0.0	0.0	1.48	6.99	1288.31	17:56:19.99
1686671781.020764	594.98	693.31	6.04	14.57	0.0	0.0	1.77	9.45	1288.29	17:56:21.00
1686671785.296266	594.98	693.33	5.77	15.64	0.0	0.0	2.35	6.99	1288.31	17:56:25.28
1686671786.5572739	594.98	693.32	6.3	15.37	0.0	0.0	1.19	7.61	1288.3000000000002	17:56:26.54
1686671787.5616832	594.99	693.33	6.57	15.64	0.0	0.0	0.6	6.99	1288.3200000000002	17:56:27.55
1686671788.5655296	594.97	693.32	5.64	15.37	0.0	0.0	2.65	7.61	1288.29	17:56:28.55
1686671790.825367	594.99	693.33	6.97	15.51	0.0	0.0	-0.27	7.3	1288.3200000000002	17:56:30.81
1686671794.0707889	594.98	693.33	5.77	15.64	0.0	0.0	2.35	6.99	1288.31	17:56:34.06
1686671795.0751414	595.0	693.32	7.1	15.37	0.0	0.0	-0.56	7.61	1288.3200000000002	17:56:35.06
1686671797.3354304	594.98	693.32	5.9	14.97	0.0	0.0	2.06	8.53	1288.3000000000002	17:56:37.32
1686671798.3399143	594.99	693.32	6.44	14.7	0.0	0.0	0.89	9.14	1288.31	17:56:38.32
1686671799.5800009	594.98	693.32	6.3	15.37	0.0	0.0	1.19	7.61	1288.3000000000002	17:56:39.56
1686671800.5841336	594.99	693.33	6.7	16.04	0.0	0.0	0.31	6.07	1288.3200000000002	17:56:40.57
1686671801.5872655	594.99	693.32	6.7	15.24	0.0	0.0	0.31	7.91	1288.31	17:56:41.57
1686671802.8318942	594.99	693.34	6.7	16.17	0.0	0.0	0.31	5.77	1288.33	17:56:42.81
1686671803.8353863	595.0	693.32	7.1	15.1	0.0	0.0	-0.56	8.22	1288.3200000000002	17:56:43.81
1686671804.8381574	594.98	693.32	6.04	15.1	0.0	0.0	1.77	8.22	1288.3000000000002	17:56:44.81
1686671806.0917907	594.99	693.34	6.57	16.17	0.0	0.0	0.6	5.77	1288.33	17:56:46.08
1686671807.0955298	594.99	693.33	6.84	15.64	0.0	0.0	0.02	6.99	1288.3200000000002	17:56:47.08
1686671808.0987892	594.98	693.33	6.3	15.77	0.0	0.0	1.19	6.69	1288.31	17:56:48.08
1686671809.3733666	594.98	693.32	5.9	15.24	0.0	0.0	2.06	7.91	1288.3000000000002	17:56:49.36
1686671810.378249	594.99	693.32	6.7	14.84	0.0	0.0	0.31	8.83	1288.31	17:56:50.36
1686671811.3812277	594.99	693.32	6.57	14.7	0.0	0.0	0.6	9.14	1288.31	17:56:51.36
1686671812.63817	594.99	693.32	6.44	15.24	0.0	0.0	0.89	7.91	1288.31	17:56:52.63
1686671813.6415222	594.98	693.31	6.3	14.57	0.0	0.0	1.19	9.45	1288.29	17:56:53.63
1686671814.6460247	594.99	693.32	6.84	14.97	0.0	0.0	0.02	8.53	1288.31	17:56:54.63
1686671815.9028273	594.99	693.32	6.57	15.37	0.0	0.0	0.6	7.61	1288.31	17:56:55.89
1686671816.9074063	594.98	693.34	6.04	16.17	0.0	0.0	1.77	5.77	1288.3200000000002	17:56:56.89
1686671817.9124525	595.0	693.32	7.1	15.37	0.0	0.0	-0.56	7.61	1288.3200000000002	17:56:57.89
1686671820.1612167	594.99	693.33	6.57	15.77	0.0	0.0	0.6	6.69	1288.3200000000002	17:57:00.14
1686671821.1725686	594.98	693.32	6.3	15.1	0.0	0.0	1.19	8.22	1288.3000000000002	17:57:01.16
1686671823.4216294	594.99	693.32	6.84	15.1	0.0	0.0	0.02	8.22	1288.31	17:57:03.40
1686671825.6808426	594.99	693.32	6.97	15.1	0.0	0.0	-0.27	8.22	1288.31	17:57:05.66
1686671827.6863549	594.98	693.34	6.3	16.31	0.0	0.0	1.19	5.46	1288.3200000000002	17:57:07.67
1686671828.9436076	594.99	693.33	6.57	15.77	0.0	0.0	0.6	6.69	1288.3200000000002	17:57:08.93
1686671829.9476764	594.97	693.33	5.64	16.04	0.0	0.0	2.65	6.07	1288.3000000000002	17:57:09.93
1686671832.2086535	594.97	693.32	5.64	14.7	0.0	0.0	2.65	9.14	1288.29	17:57:12.20
1686671833.212936	594.99	693.33	6.7	15.64	0.0	0.0	0.31	6.99	1288.3200000000002	17:57:13.20
1686671834.216597	594.98	693.32	6.04	15.37	0.0	0.0	1.77	7.61	1288.3000000000002	17:57:14.20
1686671835.492893	594.99	693.32	6.7	14.84	0.0	0.0	0.31	8.83	1288.31	17:57:15.48
1686671836.4972086	594.97	693.32	5.64	15.24	0.0	0.0	2.65	7.91	1288.29	17:57:16.48
1686671837.5007582	594.99	693.33	6.57	15.64	0.0	0.0	0.6	6.99	1288.3200000000002	17:57:17.48
1686671838.7628076	594.98	693.33	6.17	15.51	0.0	0.0	1.48	7.3	1288.31	17:57:18.74
1686671839.7671158	594.98	693.33	6.17	15.64	0.0	0.0	1.48	6.99	1288.31	17:57:19.75
1686671840.770467	594.99	693.33	6.84	15.77	0.0	0.0	0.02	6.69	1288.3200000000002	17:57:20.75
1686671843.0296562	594.99	693.34	6.57	16.17	0.0	0.0	0.6	5.77	1288.33	17:57:23.01
1686671844.0333805	594.99	693.32	6.57	15.24	0.0	0.0	0.6	7.91	1288.31	17:57:24.01
1686671845.2994418	594.99	693.32	6.44	14.97	0.0	0.0	0.89	8.53	1288.31	17:57:25.28
1686671846.3112361	594.98	693.32	6.3	15.37	0.0	0.0	1.19	7.61	1288.3000000000002	17:57:26.30
1686671847.3157177	594.98	693.32	6.04	15.37	0.0	0.0	1.77	7.61	1288.3000000000002	17:57:27.30
1686671849.5800714	594.99	693.32	6.44	15.1	0.0	0.0	0.89	8.22	1288.31	17:57:29.56
1686671850.583616	594.99	693.32	6.44	15.37	0.0	0.0	0.89	7.61	1288.31	17:57:30.56
1686671851.8384986	594.99	693.32	6.84	15.37	0.0	0.0	0.02	7.61	1288.31	17:57:31.82
1686671852.8423567	594.98	693.32	5.9	15.37	0.0	0.0	2.06	7.61	1288.3000000000002	17:57:32.83
1686671853.846488	594.99	693.32	6.57	15.24	0.0	0.0	0.6	7.91	1288.31	17:57:33.83
1686671855.1035733	594.98	693.32	5.77	14.84	0.0	0.0	2.35	8.83	1288.3000000000002	17:57:35.09
1686671856.1067104	594.99	693.33	6.97	16.04	0.0	0.0	-0.27	6.07	1288.3200000000002	17:57:36.09
1686671857.1114755	594.98	693.32	5.77	15.1	0.0	0.0	2.35	8.22	1288.3000000000002	17:57:37.09
1686671859.3921406	594.99	693.32	6.84	15.24	0.0	0.0	0.02	7.91	1288.31	17:57:39.38
1686671860.3969536	594.98	693.32	5.9	15.37	0.0	0.0	2.06	7.61	1288.3000000000002	17:57:40.38
1686671861.6533523	594.99	693.31	6.57	14.57	0.0	0.0	0.6	9.45	1288.3	17:57:41.64
1686671862.657855	594.98	693.33	6.3	15.51	0.0	0.0	1.19	7.3	1288.31	17:57:42.64
1686671864.9182723	594.98	693.32	6.04	14.97	0.0	0.0	1.77	8.53	1288.3000000000002	17:57:44.91
1686671865.922154	594.99	693.33	6.7	15.64	0.0	0.0	0.31	6.99	1288.3200000000002	17:57:45.91
1686671866.9262755	594.98	693.33	6.3	16.04	0.0	0.0	1.19	6.07	1288.31	17:57:46.91
1686671868.1924086	594.99	693.33	6.7	15.64	0.0	0.0	0.31	6.99	1288.3200000000002	17:57:48.17
1686671870.208427	594.99	693.32	6.97	15.37	0.0	0.0	-0.27	7.61	1288.31	17:57:50.19
1686671871.4688349	594.98	693.33	6.17	15.51	0.0	0.0	1.48	7.3	1288.31	17:57:51.46
1686671872.4730878	594.98	693.32	6.04	14.97	0.0	0.0	1.77	8.53	1288.3000000000002	17:57:52.46
1686671873.476617	594.98	693.34	6.3	16.31	0.0	0.0	1.19	5.46	1288.3200000000002	17:57:53.46
1686671875.7462409	594.98	693.31	5.9	14.57	0.0	0.0	2.06	9.45	1288.29	17:57:55.72
1686671876.7494524	594.98	693.32	6.3	15.37	0.0	0.0	1.19	7.61	1288.3000000000002	17:57:56.72
1686671879.0242128	594.98	693.32	6.04	14.97	0.0	0.0	1.77	8.53	1288.3000000000002	17:57:59.01
1686671882.3187873	594.99	693.33	6.7	15.64	0.0	0.0	0.31	6.99	1288.3200000000002	17:58:02.29
1686671883.330929	594.99	693.32	6.7	15.24	0.0	0.0	0.31	7.91	1288.31	17:58:03.32
1686671884.6103802	594.98	693.32	6.3	15.24	0.0	0.0	1.19	7.91	1288.3000000000002	17:58:04.60
1686671885.614353	594.99	693.32	6.57	14.97	0.0	0.0	0.6	8.53	1288.31	17:58:05.60
1686671886.6171367	595.0	693.32	7.37	14.7	0.0	0.0	-1.15	9.14	1288.3200000000002	17:58:06.60
1686671887.8956165	594.98	693.34	6.04	16.17	0.0	0.0	1.77	5.77	1288.3200000000002	17:58:07.88
1686671888.899834	594.98	693.32	5.77	15.37	0.0	0.0	2.35	7.61	1288.3000000000002	17:58:08.88
1686671889.9037635	594.99	693.33	6.84	16.04	0.0	0.0	0.02	6.07	1288.3200000000002	17:58:09.89
1686671891.1671703	594.98	693.33	5.9	15.64	0.0	0.0	2.06	6.99	1288.31	17:58:11.15
1686671892.171152	594.99	693.32	6.84	15.24	0.0	0.0	0.02	7.91	1288.31	17:58:12.15
1686671893.1752722	594.99	693.32	6.84	14.97	0.0	0.0	0.02	8.53	1288.31	17:58:13.15
1686671895.4387727	594.99	693.32	6.57	15.1	0.0	0.0	0.6	8.22	1288.31	17:58:15.41
1686671896.449357	594.97	693.34	5.5	16.17	0.0	0.0	2.94	5.77	1288.31	17:58:16.44
1686671898.7167327	594.99	693.32	6.84	14.97	0.0	0.0	0.02	8.53	1288.31	17:58:18.70
1686671899.7202797	594.99	693.32	6.44	15.37	0.0	0.0	0.89	7.61	1288.31	17:58:19.70
1686671901.9798949	594.99	693.32	6.57	15.24	0.0	0.0	0.6	7.91	1288.31	17:58:21.96
1686671904.2412047	594.98	693.32	6.3	15.24	0.0	0.0	1.19	7.91	1288.3000000000002	17:58:24.23
1686671905.2454665	594.99	693.32	6.84	15.24	0.0	0.0	0.02	7.91	1288.31	17:58:25.23
1686671907.516222	594.98	693.32	6.3	14.7	0.0	0.0	1.19	9.14	1288.3000000000002	17:58:27.49
1686671908.5199642	594.99	693.32	6.44	15.1	0.0	0.0	0.89	8.22	1288.31	17:58:28.49
1686671909.5306778	594.99	693.32	6.57	15.1	0.0	0.0	0.6	8.22	1288.31	17:58:29.52
1686671910.771408	594.98	693.32	6.17	15.1	0.0	0.0	1.48	8.22	1288.3000000000002	17:58:30.76
1686671911.7762494	594.99	693.32	6.7	15.24	0.0	0.0	0.31	7.91	1288.31	17:58:31.76
1686671912.78046	594.98	693.32	6.3	14.97	0.0	0.0	1.19	8.53	1288.3000000000002	17:58:32.76
1686671914.0363266	594.98	693.32	6.3	15.24	0.0	0.0	1.19	7.91	1288.3000000000002	17:58:34.02
1686671916.044573	594.99	693.33	6.7	15.51	0.0	0.0	0.31	7.3	1288.3200000000002	17:58:36.03
1686671917.2822464	594.99	693.32	6.97	14.97	0.0	0.0	-0.27	8.53	1288.31	17:58:37.27
1686671919.2882037	594.99	693.32	6.57	15.37	0.0	0.0	0.6	7.61	1288.31	17:58:39.27
1686671920.5375865	594.99	693.33	6.84	15.77	0.0	0.0	0.02	6.69	1288.3200000000002	17:58:40.51
1686671921.548641	594.97	693.32	5.64	14.97	0.0	0.0	2.65	8.53	1288.29	17:58:41.53
1686671923.7922356	594.98	693.32	6.17	15.24	0.0	0.0	1.48	7.91	1288.3000000000002	17:58:43.78
1686671924.7967763	594.98	693.31	6.17	14.57	0.0	0.0	1.48	9.45	1288.29	17:58:44.78
1686671928.060187	594.98	693.32	6.3	15.37	0.0	0.0	1.19	7.61	1288.3000000000002	17:58:48.04
1686671929.064865	595.0	693.33	7.24	16.04	0.0	0.0	-0.86	6.07	1288.33	17:58:49.05
1686671930.3213851	594.97	693.32	5.64	14.97	0.0	0.0	2.65	8.53	1288.29	17:58:50.31
1686671931.3257482	594.99	693.33	6.44	15.64	0.0	0.0	0.89	6.99	1288.3200000000002	17:58:51.31
1686671933.594916	594.99	693.32	6.57	15.24	0.0	0.0	0.6	7.91	1288.31	17:58:53.57
1686671934.5991545	594.99	693.32	6.97	15.37	0.0	0.0	-0.27	7.61	1288.31	17:58:54.57
1686671935.611799	594.98	693.32	6.04	15.1	0.0	0.0	1.77	8.22	1288.3000000000002	17:58:55.60
1686671936.854749	595.0	693.33	7.1	15.51	0.0	0.0	-0.56	7.3	1288.33	17:58:56.84
1686671937.8582585	594.99	693.32	6.57	15.1	0.0	0.0	0.6	8.22	1288.31	17:58:57.84
1686671938.8617609	594.99	693.32	6.57	14.97	0.0	0.0	0.6	8.53	1288.31	17:58:58.84
1686671941.118999	594.99	693.33	6.44	15.64	0.0	0.0	0.89	6.99	1288.3200000000002	17:59:01.10
1686671943.3804471	594.98	693.34	6.17	16.17	0.0	0.0	1.48	5.77	1288.3200000000002	17:59:03.37
1686671944.3846188	594.98	693.32	6.17	15.1	0.0	0.0	1.48	8.22	1288.3000000000002	17:59:04.37
1686671945.3890138	594.99	693.32	6.57	15.37	0.0	0.0	0.6	7.61	1288.31	17:59:05.37
1686671946.645316	594.99	693.33	6.84	15.51	0.0	0.0	0.02	7.3	1288.3200000000002	17:59:06.63
1686671947.649411	594.97	693.31	5.5	14.57	0.0	0.0	2.94	9.45	1288.28	17:59:07.63
1686671949.9116626	594.99	693.31	6.84	14.57	0.0	0.0	0.02	9.45	1288.3	17:59:09.90
1686671950.9149995	594.99	693.33	6.7	15.51	0.0	0.0	0.31	7.3	1288.3200000000002	17:59:10.90
1686671951.9174387	594.99	693.32	6.97	14.84	0.0	0.0	-0.27	8.83	1288.31	17:59:11.90
1686671953.1763852	594.99	693.33	6.57	15.51	0.0	0.0	0.6	7.3	1288.3200000000002	17:59:13.16
1686671954.179422	594.98	693.32	5.9	15.37	0.0	0.0	2.06	7.61	1288.3000000000002	17:59:14.16
1686671955.1826434	595.0	693.32	7.24	15.37	0.0	0.0	-0.86	7.61	1288.3200000000002	17:59:15.17
1686671958.4350564	594.98	693.32	5.9	15.24	0.0	0.0	2.06	7.91	1288.3000000000002	17:59:18.41
1686671959.688979	594.99	693.33	6.7	15.51	0.0	0.0	0.31	7.3	1288.3200000000002	17:59:19.67
1686671960.6933582	594.98	693.32	6.17	14.84	0.0	0.0	1.48	8.83	1288.3000000000002	17:59:20.67
1686671961.6971033	595.0	693.32	7.24	15.24	0.0	0.0	-0.86	7.91	1288.3200000000002	17:59:21.68
1686671962.9716363	594.99	693.33	6.84	15.77	0.0	0.0	0.02	6.69	1288.3200000000002	17:59:22.96
1686671963.9761908	595.0	693.33	7.24	15.51	0.0	0.0	-0.86	7.3	1288.33	17:59:23.96
1686671966.236795	594.98	693.32	6.3	14.7	0.0	0.0	1.19	9.14	1288.3000000000002	17:59:26.22
1686671967.2417452	594.98	693.32	6.3	15.37	0.0	0.0	1.19	7.61	1288.3000000000002	17:59:27.23
1686671968.2465143	594.99	693.33	6.7	15.51	0.0	0.0	0.31	7.3	1288.3200000000002	17:59:28.23
1686671969.4937172	594.98	693.32	6.3	15.1	0.0	0.0	1.19	8.22	1288.3000000000002	17:59:29.47
1686671970.505686	594.99	693.32	6.84	15.24	0.0	0.0	0.02	7.91	1288.31	17:59:30.49
1686671971.5105042	594.99	693.32	6.57	14.97	0.0	0.0	0.6	8.53	1288.31	17:59:31.49
1686671972.7661424	594.99	693.32	6.97	15.37	0.0	0.0	-0.27	7.61	1288.31	17:59:32.75
1686671973.7704432	594.99	693.32	6.44	15.24	0.0	0.0	0.89	7.91	1288.31	17:59:33.75
1686671974.7743828	594.99	693.33	6.57	16.04	0.0	0.0	0.6	6.07	1288.3200000000002	17:59:34.76
1686671976.0323882	594.99	693.32	6.7	15.1	0.0	0.0	0.31	8.22	1288.31	17:59:36.02
1686671977.0356202	595.0	693.33	7.24	15.91	0.0	0.0	-0.86	6.38	1288.33	17:59:37.02
1686671978.0400746	594.99	693.31	6.7	14.57	0.0	0.0	0.31	9.45	1288.3	17:59:38.02
1686671979.2979014	594.98	693.33	6.17	15.51	0.0	0.0	1.48	7.3	1288.31	17:59:39.28
1686671980.300879	594.99	693.33	6.44	15.64	0.0	0.0	0.89	6.99	1288.3200000000002	17:59:40.29
1686671981.3055098	594.98	693.32	6.17	15.1	0.0	0.0	1.48	8.22	1288.3000000000002	17:59:41.29
1686671983.572088	594.98	693.32	6.04	15.37	0.0	0.0	1.77	7.61	1288.3000000000002	17:59:43.55
1686671984.5772598	594.98	693.32	6.3	15.1	0.0	0.0	1.19	8.22	1288.3000000000002	17:59:44.55
1686671985.8480186	594.99	693.33	6.7	15.51	0.0	0.0	0.31	7.3	1288.3200000000002	17:59:45.83
1686671986.8510308	594.98	693.33	6.3	15.91	0.0	0.0	1.19	6.38	1288.31	17:59:46.84
1686671987.8554876	594.98	693.33	5.77	15.51	0.0	0.0	2.35	7.3	1288.31	17:59:47.84
1686671991.1564398	594.99	693.32	6.44	15.37	0.0	0.0	0.89	7.61	1288.31	17:59:51.14
1686671992.4180155	594.99	693.32	6.84	15.37	0.0	0.0	0.02	7.61	1288.31	17:59:52.40
1686671994.42528	594.98	693.32	6.04	15.1	0.0	0.0	1.77	8.22	1288.3000000000002	17:59:54.41
1686671996.6902692	594.99	693.33	6.44	15.64	0.0	0.0	0.89	6.99	1288.3200000000002	17:59:56.67
1686671997.6951945	594.99	693.32	6.97	15.24	0.0	0.0	-0.27	7.91	1288.31	17:59:57.67
1686671998.9689794	594.98	693.32	6.3	15.1	0.0	0.0	1.19	8.22	1288.3000000000002	17:59:58.96
1686671999.9729397	594.98	693.33	6.17	15.64	0.0	0.0	1.48	6.99	1288.31	17:59:59.96
1686672000.978149	594.99	693.32	6.44	15.1	0.0	0.0	0.89	8.22	1288.31	18:00:00.96
1686672003.2393553	594.99	693.32	6.44	15.37	0.0	0.0	0.89	7.61	1288.31	18:00:03.22
1686672004.2442772	595.0	693.32	7.1	15.1	0.0	0.0	-0.56	8.22	1288.3200000000002	18:00:04.22
1686672006.5224671	594.99	693.33	6.97	15.51	0.0	0.0	-0.27	7.3	1288.3200000000002	18:00:06.51
1686672007.526557	594.99	693.34	6.57	16.17	0.0	0.0	0.6	5.77	1288.33	18:00:07.51
1686672009.7975583	594.98	693.32	6.17	15.37	0.0	0.0	1.48	7.61	1288.3000000000002	18:00:09.77
1686672010.8094273	594.97	693.32	5.64	15.24	0.0	0.0	2.65	7.91	1288.29	18:00:10.79
1686672012.0694234	594.98	693.32	6.04	15.37	0.0	0.0	1.77	7.61	1288.3000000000002	18:00:12.06
1686672013.0740654	594.99	693.32	6.57	15.24	0.0	0.0	0.6	7.91	1288.31	18:00:13.06
1686672014.0784929	594.99	693.33	6.84	15.64	0.0	0.0	0.02	6.99	1288.3200000000002	18:00:14.06
1686672016.3788955	594.99	693.32	6.84	14.84	0.0	0.0	0.02	8.83	1288.31	18:00:16.36
1686672017.3822553	594.99	693.32	6.44	15.37	0.0	0.0	0.89	7.61	1288.31	18:00:17.37
1686672018.6602936	594.97	693.32	5.64	15.24	0.0	0.0	2.65	7.91	1288.29	18:00:18.65
1686672020.6656127	594.98	693.32	6.04	15.1	0.0	0.0	1.77	8.22	1288.3000000000002	18:00:20.65
1686672022.9347444	594.99	693.33	6.97	15.64	0.0	0.0	-0.27	6.99	1288.3200000000002	18:00:22.91
1686672023.9380853	594.98	693.33	6.3	15.64	0.0	0.0	1.19	6.99	1288.31	18:00:23.92
1686672025.2143497	594.99	693.33	6.7	15.77	0.0	0.0	0.31	6.69	1288.3200000000002	18:00:25.20
1686672028.4959729	594.99	693.33	6.44	15.51	0.0	0.0	0.89	7.3	1288.3200000000002	18:00:28.48
1686672029.4998186	594.98	693.32	5.9	15.37	0.0	0.0	2.06	7.61	1288.3000000000002	18:00:29.48
1686672030.5040445	594.98	693.33	6.3	15.51	0.0	0.0	1.19	7.3	1288.31	18:00:30.49
1686672032.7739663	594.99	693.32	6.97	14.97	0.0	0.0	-0.27	8.53	1288.31	18:00:32.75
1686672033.7853086	594.99	693.33	6.57	15.64	0.0	0.0	0.6	6.99	1288.3200000000002	18:00:33.77
1686672036.054979	594.99	693.32	6.57	15.24	0.0	0.0	0.6	7.91	1288.31	18:00:36.03
1686672037.059916	594.98	693.33	6.04	15.51	0.0	0.0	1.77	7.3	1288.31	18:00:37.04
1686672038.3359382	594.98	693.32	6.04	15.24	0.0	0.0	1.77	7.91	1288.3000000000002	18:00:38.32
1686672040.3425355	594.99	693.33	6.97	15.51	0.0	0.0	-0.27	7.3	1288.3200000000002	18:00:40.32
1686672041.6433084	594.99	693.32	6.44	15.37	0.0	0.0	0.89	7.61	1288.31	18:00:41.62
1686672042.6470037	594.98	693.32	6.3	14.97	0.0	0.0	1.19	8.53	1288.3000000000002	18:00:42.62
1686672043.6501465	594.99	693.31	6.84	14.57	0.0	0.0	0.02	9.45	1288.3	18:00:43.63
1686672045.9300935	594.99	693.32	6.84	14.97	0.0	0.0	0.02	8.53	1288.31	18:00:45.91
1686672048.2112405	594.99	693.32	6.84	15.37	0.0	0.0	0.02	7.61	1288.31	18:00:48.19
1686672049.2139657	594.99	693.32	6.57	15.37	0.0	0.0	0.6	7.61	1288.31	18:00:49.19
1686672050.2174618	594.99	693.31	6.57	14.57	0.0	0.0	0.6	9.45	1288.3	18:00:50.20
1686672051.495924	594.99	693.32	6.7	15.1	0.0	0.0	0.31	8.22	1288.31	18:00:51.48
1686672052.4993784	594.98	693.32	6.17	15.37	0.0	0.0	1.48	7.61	1288.3000000000002	18:00:52.48
1686672053.503512	594.99	693.33	6.97	15.51	0.0	0.0	-0.27	7.3	1288.3200000000002	18:00:53.48
1686672054.7770107	594.99	693.32	6.84	15.1	0.0	0.0	0.02	8.22	1288.31	18:00:54.76
1686672056.7828608	594.98	693.33	6.3	15.64	0.0	0.0	1.19	6.99	1288.31	18:00:56.77
1686672058.061593	594.98	693.32	6.04	15.24	0.0	0.0	1.77	7.91	1288.3000000000002	18:00:58.05
1686672059.0648372	594.99	693.32	6.57	15.1	0.0	0.0	0.6	8.22	1288.31	18:00:59.05
1686672060.0674553	594.99	693.32	6.84	15.1	0.0	0.0	0.02	8.22	1288.31	18:01:00.05
1686672062.3501465	594.99	693.33	6.84	15.64	0.0	0.0	0.02	6.99	1288.3200000000002	18:01:02.34
1686672063.3537266	594.99	693.33	6.84	15.51	0.0	0.0	0.02	7.3	1288.3200000000002	18:01:03.34
1686672065.6353943	594.98	693.32	6.17	15.1	0.0	0.0	1.48	8.22	1288.3000000000002	18:01:05.62
1686672066.640245	595.0	693.32	7.24	15.37	0.0	0.0	-0.86	7.61	1288.3200000000002	18:01:06.62
1686672067.9372432	594.99	693.32	6.57	15.37	0.0	0.0	0.6	7.61	1288.31	18:01:07.92
1686672068.9418015	594.99	693.32	6.84	15.24	0.0	0.0	0.02	7.91	1288.31	18:01:08.93
1686672069.9461524	595.0	693.33	7.24	15.64	0.0	0.0	-0.86	6.99	1288.33	18:01:09.93
1686672071.2244475	594.98	693.32	6.3	15.37	0.0	0.0	1.19	7.61	1288.3000000000002	18:01:11.21
1686672073.2307181	594.98	693.33	6.3	16.04	0.0	0.0	1.19	6.07	1288.31	18:01:13.21
1686672074.5100045	594.99	693.32	6.57	15.37	0.0	0.0	0.6	7.61	1288.31	18:01:14.49
1686672075.5135014	594.98	693.32	5.77	15.37	0.0	0.0	2.35	7.61	1288.3000000000002	18:01:15.50
1686672076.5165982	594.99	693.33	6.57	15.64	0.0	0.0	0.6	6.99	1288.3200000000002	18:01:16.50
1686672077.8043325	594.99	693.34	6.44	16.17	0.0	0.0	0.89	5.77	1288.33	18:01:17.78
1686672078.81531	594.99	693.31	6.84	14.57	0.0	0.0	0.02	9.45	1288.3	18:01:18.80
1686672079.818786	594.99	693.33	6.84	16.04	0.0	0.0	0.02	6.07	1288.3200000000002	18:01:19.80
1686672082.0906088	594.98	693.33	5.77	15.51	0.0	0.0	2.35	7.3	1288.31	18:01:22.07
1686672083.1024604	595.0	693.32	7.24	14.97	0.0	0.0	-0.86	8.53	1288.3200000000002	18:01:23.09
1686672085.3852122	594.99	693.32	6.44	15.1	0.0	0.0	0.89	8.22	1288.31	18:01:25.37
1686672086.3893154	594.99	693.34	6.57	16.17	0.0	0.0	0.6	5.77	1288.33	18:01:26.37
1686672088.6602867	594.97	693.33	5.64	15.77	0.0	0.0	2.65	6.69	1288.3000000000002	18:01:28.64
1686672089.6716197	594.99	693.32	6.97	15.37	0.0	0.0	-0.27	7.61	1288.31	18:01:29.66
1686672091.955487	594.98	693.32	5.77	15.37	0.0	0.0	2.35	7.61	1288.3000000000002	18:01:31.94
1686672092.9606907	594.99	693.32	6.84	15.1	0.0	0.0	0.02	8.22	1288.31	18:01:32.94
1686672095.2620497	594.97	693.32	5.64	15.24	0.0	0.0	2.65	7.91	1288.29	18:01:35.25
1686672096.265336	594.99	693.32	6.84	15.1	0.0	0.0	0.02	8.22	1288.31	18:01:36.25
1686672098.5559714	594.98	693.32	6.17	15.24	0.0	0.0	1.48	7.91	1288.3000000000002	18:01:38.53
1686672099.566736	594.99	693.33	6.84	15.64	0.0	0.0	0.02	6.99	1288.3200000000002	18:01:39.55
1686672100.8485854	594.99	693.32	6.44	15.37	0.0	0.0	0.89	7.61	1288.31	18:01:40.84
1686672102.854954	594.97	693.33	5.64	15.77	0.0	0.0	2.65	6.69	1288.3000000000002	18:01:42.84
1686672104.1341112	594.98	693.34	6.17	16.17	0.0	0.0	1.48	5.77	1288.3200000000002	18:01:44.12
1686672105.1378226	594.98	693.32	6.3	15.1	0.0	0.0	1.19	8.22	1288.3000000000002	18:01:45.12
1686672106.1422312	594.99	693.32	6.57	14.97	0.0	0.0	0.6	8.53	1288.31	18:01:46.12
1686672107.4267313	594.98	693.32	6.3	15.1	0.0	0.0	1.19	8.22	1288.3000000000002	18:01:47.41
1686672108.4305778	594.99	693.31	6.57	14.57	0.0	0.0	0.6	9.45	1288.3	18:01:48.41
1686672110.7261338	594.99	693.32	6.57	14.97	0.0	0.0	0.6	8.53	1288.31	18:01:50.71
1686672111.7290127	594.98	693.32	6.3	14.84	0.0	0.0	1.19	8.83	1288.3000000000002	18:01:51.71
1686672112.7325864	594.99	693.32	6.57	14.84	0.0	0.0	0.6	8.83	1288.31	18:01:52.71
1686672114.0215256	594.99	693.32	6.97	15.37	0.0	0.0	-0.27	7.61	1288.31	18:01:54.00
1686672115.0323687	594.98	693.32	5.77	15.1	0.0	0.0	2.35	8.22	1288.3000000000002	18:01:55.02
1686672116.0362754	594.98	693.31	6.3	14.57	0.0	0.0	1.19	9.45	1288.29	18:01:56.02
1686672117.3154929	595.0	693.31	7.24	14.57	0.0	0.0	-0.86	9.45	1288.31	18:01:57.30
1686672118.319524	594.99	693.33	6.44	15.51	0.0	0.0	0.89	7.3	1288.3200000000002	18:01:58.30
1686672119.3246634	594.99	693.32	6.44	15.37	0.0	0.0	0.89	7.61	1288.31	18:01:59.31
1686672121.6442888	595.0	693.32	7.1	15.37	0.0	0.0	-0.56	7.61	1288.3200000000002	18:02:01.63
1686672127.2307756	594.99	693.32	6.57	15.37	0.0	0.0	0.6	7.61	1288.31	18:02:07.22
1686672128.2347443	594.99	693.32	6.7	15.1	0.0	0.0	0.31	8.22	1288.31	18:02:08.22
1686672129.23901	595.0	693.33	7.37	15.91	0.0	0.0	-1.15	6.38	1288.33	18:02:09.22
1686672130.5363545	594.99	693.33	6.84	15.77	0.0	0.0	0.02	6.69	1288.3200000000002	18:02:10.52
1686672131.5406482	594.98	693.32	5.9	15.1	0.0	0.0	2.06	8.22	1288.3000000000002	18:02:11.52
1686672132.5448124	594.98	693.32	6.3	15.37	0.0	0.0	1.19	7.61	1288.3000000000002	18:02:12.53
1686672133.8417313	594.98	693.33	6.17	15.64	0.0	0.0	1.48	6.99	1288.31	18:02:13.83
1686672134.845913	594.99	693.31	6.84	14.57	0.0	0.0	0.02	9.45	1288.3	18:02:14.83
1686672135.8493397	594.98	693.32	5.77	14.97	0.0	0.0	2.35	8.53	1288.3000000000002	18:02:15.83
1686672138.1392367	594.99	693.33	6.84	15.51	0.0	0.0	0.02	7.3	1288.3200000000002	18:02:18.11
1686672139.1506376	594.98	693.33	6.04	15.64	0.0	0.0	1.77	6.99	1288.31	18:02:19.14
1686672141.4330354	594.98	693.33	5.9	15.64	0.0	0.0	2.06	6.99	1288.31	18:02:21.42
1686672142.4375958	594.98	693.33	5.9	15.51	0.0	0.0	2.06	7.3	1288.31	18:02:22.42
1686672143.736017	594.98	693.33	5.9	15.77	0.0	0.0	2.06	6.69	1288.31	18:02:23.72
1686672144.7400548	594.99	693.32	6.84	15.24	0.0	0.0	0.02	7.91	1288.31	18:02:24.72
1686672147.0633667	594.99	693.33	6.57	16.04	0.0	0.0	0.6	6.07	1288.3200000000002	18:02:27.05
1686672148.0662575	594.99	693.32	6.57	15.37	0.0	0.0	0.6	7.61	1288.31	18:02:28.05
1686672149.0708401	594.98	693.32	6.17	15.37	0.0	0.0	1.48	7.61	1288.3000000000002	18:02:29.05
1686672151.3750792	594.98	693.34	6.3	16.17	0.0	0.0	1.19	5.77	1288.3200000000002	18:02:31.35
1686672154.682977	594.98	693.32	5.9	14.7	0.0	0.0	2.06	9.14	1288.3000000000002	18:02:34.66
1686672155.6949034	594.98	693.32	6.04	15.24	0.0	0.0	1.77	7.91	1288.3000000000002	18:02:35.68
1686672156.9788454	594.98	693.32	5.77	15.24	0.0	0.0	2.35	7.91	1288.3000000000002	18:02:36.96
1686672157.9828646	594.98	693.33	6.3	15.51	0.0	0.0	1.19	7.3	1288.31	18:02:37.96
1686672158.9874446	595.0	693.32	7.24	15.1	0.0	0.0	-0.86	8.22	1288.3200000000002	18:02:38.97
1686672161.2884603	594.99	693.32	6.44	15.37	0.0	0.0	0.89	7.61	1288.31	18:02:41.27
1686672162.2921603	594.98	693.34	5.9	16.17	0.0	0.0	2.06	5.77	1288.3200000000002	18:02:42.27
1686672167.8992982	594.99	693.32	6.57	15.37	0.0	0.0	0.6	7.61	1288.31	18:02:47.88
1686672168.9032843	594.99	693.33	6.97	15.64	0.0	0.0	-0.27	6.99	1288.3200000000002	18:02:48.88
1686672170.197091	594.98	693.32	6.17	15.24	0.0	0.0	1.48	7.91	1288.3000000000002	18:02:50.18
1686672171.2007775	594.98	693.32	5.9	15.37	0.0	0.0	2.06	7.61	1288.3000000000002	18:02:51.19
1686672172.205304	594.99	693.32	6.57	15.1	0.0	0.0	0.6	8.22	1288.31	18:02:52.19
1686672173.528796	595.0	693.33	7.24	15.64	0.0	0.0	-0.86	6.99	1288.33	18:02:53.51
1686672174.5327868	594.99	693.33	6.7	15.51	0.0	0.0	0.31	7.3	1288.3200000000002	18:02:54.51
1686672175.5371244	594.99	693.34	6.57	16.31	0.0	0.0	0.6	5.46	1288.33	18:02:55.51
1686672176.8303404	594.98	693.32	5.77	14.97	0.0	0.0	2.35	8.53	1288.3000000000002	18:02:56.81
1686672177.833353	594.99	693.32	6.57	15.1	0.0	0.0	0.6	8.22	1288.31	18:02:57.82
1686672180.1358619	594.98	693.32	6.3	15.37	0.0	0.0	1.19	7.61	1288.3000000000002	18:03:00.12
1686672182.1436908	594.98	693.32	6.17	14.84	0.0	0.0	1.48	8.83	1288.3000000000002	18:03:02.12
1686672184.4452364	594.99	693.32	6.57	14.97	0.0	0.0	0.6	8.53	1288.31	18:03:04.43
1686672186.7481003	594.99	693.32	6.57	15.37	0.0	0.0	0.6	7.61	1288.31	18:03:06.73
1686672187.7528331	594.98	693.32	6.04	15.1	0.0	0.0	1.77	8.22	1288.3000000000002	18:03:07.73
1686672188.757572	594.99	693.33	6.57	15.51	0.0	0.0	0.6	7.3	1288.3200000000002	18:03:08.73
1686672190.0545716	594.99	693.32	6.44	14.84	0.0	0.0	0.89	8.83	1288.31	18:03:10.04
1686672191.0581255	594.99	693.33	6.84	15.51	0.0	0.0	0.02	7.3	1288.3200000000002	18:03:11.04
1686672192.060928	594.99	693.32	6.7	15.24	0.0	0.0	0.31	7.91	1288.31	18:03:12.04
1686672195.366563	594.98	693.33	6.3	15.51	0.0	0.0	1.19	7.3	1288.31	18:03:15.34
1686672196.6788268	594.99	693.32	6.44	14.97	0.0	0.0	0.89	8.53	1288.31	18:03:16.67
1686672197.6823075	594.98	693.33	6.17	15.51	0.0	0.0	1.48	7.3	1288.31	18:03:17.67
1686672198.6856198	595.0	693.31	7.24	14.57	0.0	0.0	-0.86	9.45	1288.31	18:03:18.67
1686672200.0037875	594.99	693.32	6.44	15.24	0.0	0.0	0.89	7.91	1288.31	18:03:19.99
1686672201.0081532	594.98	693.33	6.17	15.77	0.0	0.0	1.48	6.69	1288.31	18:03:20.99
1686672202.0127664	595.0	693.33	7.1	15.51	0.0	0.0	-0.56	7.3	1288.33	18:03:21.99
1686672204.3161373	594.99	693.31	6.7	14.57	0.0	0.0	0.31	9.45	1288.3	18:03:24.30
1686672205.3188732	594.98	693.33	6.3	16.04	0.0	0.0	1.19	6.07	1288.31	18:03:25.30
1686672207.6265204	594.99	693.33	6.84	15.64	0.0	0.0	0.02	6.99	1288.3200000000002	18:03:27.60
1686672208.6384733	594.98	693.32	5.77	15.1	0.0	0.0	2.35	8.22	1288.3000000000002	18:03:28.62
1686672209.939355	594.99	693.32	6.7	15.37	0.0	0.0	0.31	7.61	1288.31	18:03:29.93
1686672210.9443893	594.97	693.32	5.64	15.37	0.0	0.0	2.65	7.61	1288.29	18:03:30.93
1686672213.2502012	594.98	693.34	6.17	16.31	0.0	0.0	1.48	5.46	1288.3200000000002	18:03:33.23
1686672214.2538242	594.98	693.32	6.17	15.37	0.0	0.0	1.48	7.61	1288.3000000000002	18:03:34.23
1686672215.2576888	594.98	693.32	6.3	15.37	0.0	0.0	1.19	7.61	1288.3000000000002	18:03:35.23
1686672216.5690436	595.0	693.32	7.24	15.24	0.0	0.0	-0.86	7.91	1288.3200000000002	18:03:36.56
1686672217.5736787	594.99	693.32	6.97	15.37	0.0	0.0	-0.27	7.61	1288.31	18:03:37.56
1686672218.578483	594.98	693.32	6.04	15.24	0.0	0.0	1.77	7.91	1288.3000000000002	18:03:38.56
1686672219.8826785	594.99	693.32	6.57	15.37	0.0	0.0	0.6	7.61	1288.31	18:03:39.86
1686672220.8862798	594.98	693.32	6.3	15.37	0.0	0.0	1.19	7.61	1288.3000000000002	18:03:40.86
1686672221.889379	594.98	693.33	5.9	15.77	0.0	0.0	2.06	6.69	1288.31	18:03:41.87
1686672223.200652	595.0	693.32	7.1	15.1	0.0	0.0	-0.56	8.22	1288.3200000000002	18:03:43.19
1686672225.2077727	594.99	693.32	6.84	15.37	0.0	0.0	0.02	7.61	1288.31	18:03:45.19
1686672226.5315137	594.98	693.32	6.17	15.1	0.0	0.0	1.48	8.22	1288.3000000000002	18:03:46.51
1686672227.5363111	594.98	693.32	6.17	14.7	0.0	0.0	1.48	9.14	1288.3000000000002	18:03:47.51
1686672228.5400646	594.99	693.32	6.44	15.37	0.0	0.0	0.89	7.61	1288.31	18:03:48.52
1686672229.8499553	594.98	693.32	6.3	15.37	0.0	0.0	1.19	7.61	1288.3000000000002	18:03:49.84
1686672230.854032	594.99	693.34	6.57	16.17	0.0	0.0	0.6	5.77	1288.33	18:03:50.84
1686672231.857767	594.99	693.32	6.84	15.1	0.0	0.0	0.02	8.22	1288.31	18:03:51.84
1686672235.167139	595.0	693.32	7.37	15.1	0.0	0.0	-1.15	8.22	1288.3200000000002	18:03:55.15
1686672236.4809763	594.99	693.32	6.44	15.1	0.0	0.0	0.89	8.22	1288.31	18:03:56.47
1686672237.4843318	594.99	693.31	6.44	14.57	0.0	0.0	0.89	9.45	1288.3	18:03:57.47
1686672239.7963238	594.99	693.33	6.84	15.51	0.0	0.0	0.02	7.3	1288.3200000000002	18:03:59.77
1686672240.7987692	594.97	693.32	5.64	15.37	0.0	0.0	2.65	7.61	1288.29	18:04:00.77
1686672241.8098288	594.99	693.32	6.97	15.37	0.0	0.0	-0.27	7.61	1288.31	18:04:01.80
1686672243.131106	594.98	693.32	6.04	15.1	0.0	0.0	1.77	8.22	1288.3000000000002	18:04:03.12
1686672244.1356337	595.0	693.32	7.24	15.37	0.0	0.0	-0.86	7.61	1288.3200000000002	18:04:04.12
1686672245.1405342	594.98	693.32	5.77	15.1	0.0	0.0	2.35	8.22	1288.3000000000002	18:04:05.12
1686672248.4458547	594.98	693.32	6.3	15.24	0.0	0.0	1.19	7.91	1288.3000000000002	18:04:08.43
1686672249.7912233	594.99	693.33	6.7	15.64	0.0	0.0	0.31	6.99	1288.3200000000002	18:04:09.77
1686672251.8052619	594.99	693.34	6.57	16.17	0.0	0.0	0.6	5.77	1288.33	18:04:11.79
1686672255.1220267	594.98	693.32	6.3	15.24	0.0	0.0	1.19	7.91	1288.3000000000002	18:04:15.10
1686672256.4327347	594.98	693.32	6.17	14.97	0.0	0.0	1.48	8.53	1288.3000000000002	18:04:16.42
1686672257.436822	594.98	693.33	5.9	15.91	0.0	0.0	2.06	6.38	1288.31	18:04:17.42
1686672258.441437	594.99	693.32	6.97	15.1	0.0	0.0	-0.27	8.22	1288.31	18:04:18.42
1686672259.757275	594.97	693.32	5.64	14.97	0.0	0.0	2.65	8.53	1288.29	18:04:19.74
1686672261.7636962	594.98	693.33	6.04	15.64	0.0	0.0	1.77	6.99	1288.31	18:04:21.75
1686672263.0813518	594.99	693.32	6.57	14.97	0.0	0.0	0.6	8.53	1288.31	18:04:23.07
1686672264.0854263	594.99	693.32	6.57	15.37	0.0	0.0	0.6	7.61	1288.31	18:04:24.07
1686672265.0904825	594.99	693.32	6.57	15.37	0.0	0.0	0.6	7.61	1288.31	18:04:25.07
1686672267.411016	594.99	693.34	6.57	16.17	0.0	0.0	0.6	5.77	1288.33	18:04:27.39
1686672268.4139576	594.99	693.32	6.57	14.97	0.0	0.0	0.6	8.53	1288.31	18:04:28.40
1686672269.7411091	594.99	693.32	6.57	14.97	0.0	0.0	0.6	8.53	1288.31	18:04:29.72
1686672270.7441752	594.98	693.32	6.3	15.24	0.0	0.0	1.19	7.91	1288.3000000000002	18:04:30.72
1686672273.0623667	594.98	693.34	6.17	16.31	0.0	0.0	1.48	5.46	1288.3200000000002	18:04:33.04
1686672274.065636	595.0	693.32	7.24	15.37	0.0	0.0	-0.86	7.61	1288.3200000000002	18:04:34.05
1686672275.0698228	594.99	693.33	6.7	15.77	0.0	0.0	0.31	6.69	1288.3200000000002	18:04:35.05
1686672276.413065	594.99	693.33	6.57	15.64	0.0	0.0	0.6	6.99	1288.3200000000002	18:04:36.39
1686672277.4158006	594.98	693.33	5.9	15.91	0.0	0.0	2.06	6.38	1288.31	18:04:37.39
1686672278.4281654	595.0	693.32	7.1	15.24	0.0	0.0	-0.56	7.91	1288.3200000000002	18:04:38.41
1686672279.7374322	594.98	693.32	6.3	15.37	0.0	0.0	1.19	7.61	1288.3000000000002	18:04:39.71
1686672280.7419071	594.99	693.32	6.7	15.37	0.0	0.0	0.31	7.61	1288.31	18:04:40.72
1686672281.7538443	594.98	693.32	6.3	15.37	0.0	0.0	1.19	7.61	1288.3000000000002	18:04:41.74
1686672284.0760577	594.99	693.32	6.44	15.1	0.0	0.0	0.89	8.22	1288.31	18:04:44.06
1686672285.0800886	594.98	693.33	5.9	15.51	0.0	0.0	2.06	7.3	1288.31	18:04:45.06
1686672286.3983898	594.99	693.32	6.97	15.37	0.0	0.0	-0.27	7.61	1288.31	18:04:46.38
1686672288.4052393	594.99	693.33	6.57	15.64	0.0	0.0	0.6	6.99	1288.3200000000002	18:04:48.39
1686672290.7282033	594.99	693.32	6.57	15.1	0.0	0.0	0.6	8.22	1288.31	18:04:50.71
1686672291.7307386	594.99	693.33	6.7	15.91	0.0	0.0	0.31	6.38	1288.3200000000002	18:04:51.71
1686672294.0540643	594.98	693.32	6.17	15.24	0.0	0.0	1.48	7.91	1288.3000000000002	18:04:54.04
